# RF products vs ftx
#
# H-L v2 test PA2 with BN43-202, 270 pF on output trafo, OPA2674 driver with 2x24 ohm
#
# spot_level = 1000
# drive_level = 103
#
1000000.000000 37.637431 -15.765694 5.702533 -29.864629 -8.092500 -51.899136 -51.439122 -53.876698 -53.616772 -52.556676 -53.440457 -49.920026 -47.981999 -50.069264 -53.152173 -52.756108 -53.504147 -52.574467 
1303030.303030 37.560402 -9.862618 2.498492 -31.411679 -10.799920 -51.723340 -52.341336 -53.572903 -53.581166 -53.553586 -53.421124 -50.321828 -47.525052 -51.062642 -53.193745 -52.425618 -53.462575 -52.777699 
1606060.606061 37.630948 -12.273881 6.223041 -28.722447 -7.202351 -50.803708 -51.542851 -53.164250 -53.322247 -52.688733 -53.251065 -50.447415 -46.911488 -50.124295 -53.155225 -52.925412 -53.405240 -53.205060 
1909090.909091 37.582520 -12.905358 6.763011 -26.903760 -6.666581 -50.879590 -52.246640 -52.146359 -52.947789 -52.612973 -53.265942 -50.541089 -47.529492 -50.075635 -52.602681 -52.830838 -52.684796 -53.672437 
2212121.212121 37.532692 -13.063348 6.984298 -24.438092 -6.715390 -50.734181 -52.051907 -53.727467 -53.423169 -53.080746 -53.629857 -50.550381 -47.637540 -50.680539 -53.139973 -52.503918 -53.691876 -53.151532 
2515151.515152 37.508414 -13.541405 7.089927 -22.961087 -6.565026 -51.771123 -52.369687 -53.168828 -53.564374 -52.613858 -52.730550 -49.875806 -46.726041 -50.340260 -52.216771 -52.219449 -53.583081 -52.120679 
2818181.818182 37.433293 -12.863789 7.104419 -22.741700 -6.158910 -50.506017 -52.136067 -52.585774 -52.814069 -52.927563 -53.259702 -50.496861 -47.160497 -49.800175 -53.147221 -52.825124 -52.726987 -53.789639 
3121212.121212 37.401643 -12.026906 7.147884 -22.015015 -5.886643 -50.580502 -52.291760 -53.677136 -53.647900 -52.067036 -53.130688 -49.516103 -47.125806 -49.857243 -53.507840 -52.940663 -52.334615 -53.881779 
3424242.424242 37.366560 -11.202985 7.172168 -21.264050 -5.710088 -48.946019 -52.494504 -53.107182 -53.807545 -52.389767 -54.029095 -50.934636 -47.856931 -50.001897 -52.771733 -53.517216 -53.562619 -53.594136 
3727272.727273 37.311523 -10.407021 7.204070 -20.500771 -5.499093 -50.519368 -52.446576 -52.897954 -52.994550 -52.502904 -52.957692 -50.355519 -47.656491 -50.165868 -52.975491 -52.497937 -53.404874 -52.948933 
4030303.030303 37.271610 -9.504044 7.165813 -19.932961 -5.347829 -49.783276 -52.222371 -52.926938 -53.875172 -52.830968 -53.429913 -49.951688 -47.383588 -50.584950 -52.896184 -52.658231 -53.426221 -53.284238 
4333333.333333 37.221402 -8.108125 6.945785 -19.495454 -5.289101 -50.446652 -51.816014 -53.132977 -53.401562 -52.853726 -53.460400 -49.088628 -46.906537 -49.151295 -52.136052 -52.980450 -52.972569 -53.563504 
4636363.636364 37.198142 -6.154202 6.590774 -18.831940 -5.354558 -48.745930 -52.882565 -53.525105 -52.845708 -52.295331 -53.257550 -49.356702 -47.095555 -49.638120 -53.237462 -52.916135 -53.509335 -51.825909 
4939393.939394 37.192675 -5.180932 6.733894 -17.906083 -5.148389 -50.227002 -51.371510 -53.235562 -53.041966 -52.782796 -52.717336 -49.860951 -46.637448 -49.372952 -53.536816 -52.793721 -53.018071 -53.591595 
5242424.242424 37.189497 -5.079251 7.111537 -16.935986 -4.698426 -49.488385 -52.167210 -53.003201 -53.167302 -53.359494 -52.769696 -50.068509 -46.727193 -49.063588 -52.609799 -53.242299 -53.007008 -52.718221 
5545454.545455 37.184159 -4.998532 7.345035 -16.208543 -4.262448 -49.553197 -52.282506 -53.477193 -52.865666 -52.870366 -53.309163 -50.149472 -45.622098 -49.793828 -53.431439 -53.175305 -52.849660 -52.350117 
5848484.848485 37.179965 -4.776212 7.524764 -15.324368 -3.895985 -49.143918 -52.181958 -52.916394 -53.850003 -53.591580 -53.289960 -51.059323 -46.996152 -49.148877 -53.288312 -52.966466 -53.349583 -52.625562 
6151515.151515 37.180982 -4.514500 7.677303 -14.451894 -3.530801 -50.490262 -52.817494 -53.157887 -53.440068 -52.947392 -53.363942 -49.256535 -46.583043 -50.204900 -52.419003 -52.616154 -52.461720 -52.757245 
6454545.454545 37.185431 -4.218968 7.794240 -13.753426 -3.233746 -49.146191 -52.294690 -53.170605 -53.249150 -52.962140 -52.918927 -50.552411 -46.329335 -50.494954 -53.397351 -52.409093 -53.020619 -53.279416 
6757575.757576 37.191149 -3.864087 7.933170 -13.029282 -3.014996 -50.319547 -52.821057 -52.999516 -53.226033 -53.484067 -53.469189 -50.532185 -47.215298 -49.869717 -52.719609 -53.341443 -52.827794 -53.473500 
7060606.060606 37.195852 -3.495213 8.061677 -12.358529 -2.782388 -50.092030 -52.448987 -53.168057 -53.433469 -53.556760 -53.298741 -49.540494 -47.203084 -49.647267 -51.871938 -52.379475 -52.555142 -53.061681 
7363636.363636 37.206910 -3.128758 8.226031 -11.525201 -2.602017 -48.812291 -52.456754 -53.650822 -54.015500 -52.382909 -53.562230 -49.021130 -47.172833 -50.698079 -52.547505 -52.631032 -53.335339 -52.557423 
7666666.666667 37.228013 -2.755441 8.413894 -10.631505 -2.400292 -50.068761 -52.987698 -53.309026 -52.101743 -52.830830 -53.431813 -49.746419 -47.313153 -49.946873 -52.779866 -53.179883 -52.532147 -53.283223 
7969696.969697 37.275169 -2.496518 8.571641 -9.772874 -2.243573 -48.886517 -52.333203 -52.974980 -52.988583 -53.081113 -53.699117 -49.416302 -46.526852 -50.097104 -52.450414 -52.517140 -52.383672 -53.151418 
8272727.272727 37.309869 -2.115956 8.780606 -9.038312 -2.122056 -48.744283 -52.629628 -53.507191 -52.850797 -53.408940 -53.552052 -50.548207 -46.974805 -49.726704 -52.368428 -51.943997 -53.246358 -53.711705 
8575757.575758 37.365670 -1.810380 8.973432 -8.301846 -2.048074 -49.409322 -52.726613 -52.952344 -53.483174 -52.040097 -53.255772 -49.216222 -47.010129 -49.687192 -52.750882 -51.986577 -53.289326 -52.711232 
8878787.878788 37.402659 -1.556672 9.160413 -7.635152 -2.079594 -49.085698 -52.662923 -52.477361 -52.383534 -53.252713 -53.764211 -51.003392 -46.539319 -50.017285 -52.928716 -51.785489 -53.239636 -53.539983 
9181818.181818 37.447910 -1.422952 9.348659 -6.974187 -2.172513 -49.014127 -52.206357 -53.559056 -53.185605 -53.646375 -52.584889 -51.425275 -46.647618 -48.692929 -52.831097 -51.892651 -53.011975 -53.416180 
9484848.484848 37.522397 -1.170003 9.555846 -6.358216 -2.287423 -48.488408 -52.820546 -53.198949 -53.198964 -53.021634 -53.873898 -51.089955 -47.079770 -50.733533 -52.441754 -52.436681 -53.174809 -52.519933 
9787878.787879 37.581630 -0.843083 9.829005 -5.791821 -2.488251 -48.681371 -53.481137 -52.373257 -53.012090 -53.103619 -53.161954 -50.681050 -47.068730 -50.464459 -53.408932 -51.791089 -53.226788 -53.535413 
10090909.090909 37.666918 -0.428326 10.081062 -5.238648 -2.636590 -48.395116 -52.781766 -52.387730 -52.682751 -53.262517 -53.114034 -51.355359 -47.744572 -49.967572 -52.669797 -52.038953 -53.199208 -53.493459 
10393939.393939 37.714459 -0.000092 10.301595 -4.513612 -2.894624 -48.376805 -53.024426 -53.093579 -53.136548 -52.857541 -52.891461 -50.372800 -46.707227 -50.448552 -50.953694 -51.599789 -52.437314 -53.486729 
10696969.696970 37.811442 0.427631 10.521747 -4.024491 -3.127991 -48.526791 -52.122205 -52.997357 -53.743092 -53.507954 -53.367116 -50.314839 -47.279866 -50.750836 -52.042516 -52.447346 -53.217511 -52.500241 
11000000.000000 37.893810 0.871371 10.727666 -3.572114 -3.438523 -48.445065 -52.583730 -51.881711 -53.287801 -53.409573 -52.384557 -50.983556 -47.293347 -50.750073 -51.878278 -52.196942 -52.763341 -53.515706 
11303030.303030 37.937408 1.276847 10.915532 -3.233113 -3.705960 -48.143689 -52.931386 -53.623479 -53.504643 -53.267072 -53.110860 -51.410146 -47.999570 -50.127614 -52.379742 -52.515607 -52.688863 -53.357205 
11606060.606061 38.024731 1.639491 11.089671 -2.944833 -4.029321 -48.831990 -52.818127 -53.353513 -53.465756 -52.806439 -53.289960 -50.768369 -47.442822 -50.174641 -51.462140 -51.676183 -53.117856 -52.831097 
11909090.909091 38.119047 2.026408 11.286437 -2.690102 -4.341630 -47.884137 -52.453076 -53.412114 -53.331273 -52.509000 -52.722028 -51.393246 -47.010518 -50.546559 -51.859845 -51.868253 -52.978802 -53.024930 
12212121.212121 38.164805 2.425403 11.453967 -2.604298 -4.682793 -47.054623 -52.604459 -53.962354 -53.746785 -53.011197 -53.419858 -52.053197 -47.648610 -51.672742 -51.616307 -51.437848 -52.386983 -53.750218 
12515151.515152 38.190862 2.797961 11.626451 -2.499566 -5.020398 -47.116772 -53.430920 -53.386685 -52.950192 -52.921727 -53.306615 -51.670979 -47.161649 -49.649678 -50.502339 -52.609174 -52.661778 -52.532903 
12818181.818182 38.223530 3.056247 11.786231 -2.551553 -5.560098 -47.704282 -53.108311 -52.915631 -53.645993 -52.387738 -52.479123 -52.055341 -48.686963 -50.441335 -51.373280 -51.897610 -51.763249 -53.419370 
13121212.121212 38.259376 3.346057 11.888046 -2.606713 -5.981339 -47.370877 -53.210896 -53.120786 -53.340680 -52.630009 -52.877736 -52.208127 -48.489301 -50.320058 -51.845616 -52.029027 -52.821942 -53.183446 
13424242.424242 38.283652 3.715564 11.959602 -2.697091 -6.424184 -48.934949 -52.852063 -53.918767 -52.864529 -52.095776 -53.056210 -51.750790 -49.179761 -50.038892 -51.577290 -52.212460 -52.890462 -52.882962 
13727272.727273 38.297506 4.093585 12.013753 -2.949662 -6.961606 -47.779271 -52.861729 -53.234662 -52.492978 -53.777036 -52.535321 -51.215024 -48.110135 -50.220525 -50.799641 -51.964474 -52.430325 -53.184216 
14030303.030303 38.285940 4.400035 12.028117 -3.251546 -7.541856 -48.148778 -53.606084 -53.005872 -52.099065 -52.869229 -53.621587 -51.456021 -48.607129 -50.799245 -51.291928 -51.621526 -53.219785 -52.849904 
14333333.333333 38.281238 4.747939 12.016803 -3.618893 -8.213883 -48.027386 -53.279286 -53.339146 -52.960873 -53.369908 -52.305119 -52.174832 -48.001210 -51.219472 -52.196690 -51.904591 -50.579236 -52.582089 
14636363.636364 38.235986 5.070419 11.980199 -4.099362 -8.895062 -47.640210 -51.305661 -52.490697 -53.559048 -52.880803 -52.243352 -51.315068 -48.013791 -50.992459 -51.367177 -51.264729 -51.734387 -52.900616 
14939393.939394 38.197856 5.453777 11.913720 -4.641480 -9.677163 -47.111562 -53.186993 -52.321263 -53.477826 -52.769337 -52.784833 -50.665028 -47.738461 -50.811581 -50.600842 -50.992200 -52.801862 -53.214703 
15242424.242424 38.169636 5.789729 11.813174 -5.252751 -10.519139 -48.552861 -53.659589 -53.463963 -52.568112 -52.261006 -52.250592 -51.135335 -48.447614 -51.934216 -52.076070 -52.287213 -52.673856 -52.697125 
15545454.545455 38.122351 6.088184 11.697124 -5.913590 -11.379407 -47.480939 -53.005368 -53.486859 -52.998364 -52.856763 -52.548795 -51.031361 -47.725385 -49.237592 -52.344777 -52.740338 -52.400449 -52.764111 
15848484.848485 38.023332 6.441669 11.519046 -6.609639 -12.297387 -46.178586 -52.046834 -52.630513 -53.535153 -52.562650 -53.283086 -50.670102 -47.825276 -50.222318 -51.989888 -51.937016 -52.780263 -51.811047 
16151515.151515 37.927747 6.807491 11.339183 -7.363526 -13.195420 -46.847569 -53.731168 -52.851689 -52.708562 -53.182805 -52.828427 -51.873708 -48.427647 -50.818837 -51.710614 -51.596997 -53.399777 -53.357320 
16454545.454545 37.879192 7.085983 11.115218 -8.114995 -14.120259 -47.774060 -54.092389 -52.660016 -53.162732 -52.245755 -53.345006 -51.872060 -48.291135 -50.672154 -51.228375 -51.998273 -52.415326 -51.359677 
16757575.757576 37.774836 7.311092 10.895194 -8.820195 -15.108411 -47.179311 -52.358502 -52.086743 -53.077817 -52.978535 -52.369695 -50.322850 -47.252026 -51.273495 -50.868665 -50.093167 -52.842778 -52.857274 
17060606.060606 37.669209 7.493758 10.591655 -9.475442 -16.268021 -46.733029 -53.337514 -50.995786 -53.264035 -52.694569 -52.932141 -50.777898 -48.054715 -51.388409 -51.546788 -52.332448 -52.125012 -52.947896 
17363636.363636 37.546546 7.879913 10.332355 -10.678540 -17.419507 -46.342809 -52.539761 -52.186391 -52.830708 -52.658749 -52.084973 -50.088078 -48.757748 -50.282414 -51.121358 -52.210049 -52.437054 -52.503789 
17666666.666667 37.477780 8.078077 10.046359 -11.393262 -18.472352 -46.143384 -52.816342 -50.802693 -52.587445 -52.476338 -52.821057 -49.157895 -48.176755 -51.357762 -51.832028 -52.602689 -51.158856 -52.123097 
17969696.969697 37.398211 8.232640 9.735196 -11.952676 -19.751832 -45.899594 -52.923009 -49.432828 -52.926434 -52.868977 -52.706662 -50.223965 -47.849690 -51.171033 -50.959538 -52.478749 -52.011876 -52.135045 
18272727.272727 37.304914 8.373096 9.405603 -12.463013 -21.058518 -45.509595 -52.280339 -49.024052 -52.847997 -52.805547 -53.184323 -50.220395 -48.094884 -51.457043 -51.431882 -52.429303 -52.658109 -51.898122 
18575757.575758 37.231444 8.502364 9.114396 -12.874081 -22.494595 -45.278897 -52.675641 -51.274525 -52.624295 -52.806950 -52.718228 -49.755177 -47.665631 -51.772916 -50.937428 -52.536595 -51.934346 -52.514584 
18878787.878788 37.190895 8.630237 8.844545 -13.173558 -24.199635 -45.918011 -52.292271 -49.506421 -53.256398 -51.679234 -53.080991 -50.659436 -47.858601 -50.870190 -51.790715 -53.033086 -51.028043 -52.047986 
19181818.181818 37.106750 8.769551 8.527662 -13.374390 -26.133733 -45.856374 -53.162984 -49.707639 -52.863881 -53.243054 -53.832845 -49.850644 -47.460477 -50.084775 -50.128369 -52.120305 -51.981763 -51.905240 
19484848.484848 37.064803 8.875304 8.239635 -13.449639 -28.201413 -46.209348 -53.867657 -50.040547 -50.638722 -53.050610 -51.526318 -49.903020 -47.875493 -50.496236 -51.940701 -51.900403 -51.930791 -51.802274 
19787878.787879 36.981293 8.979533 7.941686 -13.418744 -30.741681 -45.323392 -53.102078 -49.303952 -51.028691 -51.587338 -52.470990 -50.590291 -48.061322 -50.953824 -51.995358 -50.934506 -51.250233 -52.100087 
20090909.090909 36.952567 9.078803 7.695350 -13.332825 -33.250699 -46.600705 -53.333432 -50.346890 -51.716862 -51.272351 -53.338765 -49.928433 -48.523114 -51.201932 -51.461865 -51.491116 -51.240056 -52.417111 
20393939.393939 36.938456 9.173499 7.413680 -13.117245 -34.056065 -45.828015 -52.550435 -48.898724 -51.662953 -52.522343 -52.813298 -49.778302 -48.499722 -50.745236 -51.806088 -52.400197 -51.486279 -50.781339 
20696969.696970 36.934008 9.291461 7.150047 -12.837228 -32.527203 -46.488347 -53.143536 -49.105786 -51.250630 -53.181538 -52.766270 -49.183179 -47.964841 -51.142575 -51.887433 -52.769582 -51.144872 -51.867352 
21000000.000000 36.937947 9.380561 6.904479 -12.514748 -30.194104 -45.676762 -53.443257 -49.316655 -50.360097 -51.849950 -52.806432 -49.284116 -47.348378 -51.611363 -51.689793 -52.831097 -51.194180 -51.360196 
21303030.303030 36.941509 9.485553 6.658519 -12.175751 -28.061078 -46.403188 -52.744534 -50.605038 -50.291455 -52.313245 -52.899480 -49.003842 -48.622510 -51.406575 -50.753117 -51.819058 -50.827100 -51.981488 
21606060.606061 36.963117 9.598806 6.442558 -11.776372 -26.217877 -46.601483 -52.752660 -50.566022 -50.222188 -51.347478 -53.566548 -49.321103 -48.258977 -51.787526 -50.343831 -51.618863 -49.938092 -52.113560 
21909090.909091 37.054507 9.753244 6.249488 -11.356782 -24.803899 -45.669003 -53.365201 -49.470975 -49.602017 -51.659787 -53.083783 -49.235822 -47.489590 -51.844228 -51.566876 -51.581227 -50.003423 -52.906850 
22212121.212121 37.086793 9.847686 6.050689 -10.815675 -23.562314 -46.971745 -52.979298 -47.932431 -48.996342 -50.955479 -52.761952 -48.315671 -48.486760 -51.555287 -51.866719 -51.968900 -50.300481 -50.852895 
22515151.515152 37.183778 9.899804 5.879089 -10.239369 -22.560559 -46.020078 -53.287816 -48.835805 -47.884778 -51.066441 -53.065747 -48.952618 -48.768437 -51.076985 -51.359052 -51.193295 -50.476903 -52.239529 
22818181.818182 37.223944 9.928783 5.710414 -9.695973 -21.718083 -46.507176 -53.491299 -48.212590 -47.981122 -50.029736 -52.165807 -48.837575 -48.734998 -52.115094 -52.343625 -51.486668 -48.433629 -52.460828 
23121212.121212 37.302118 9.942638 5.560561 -9.084584 -20.994073 -46.761372 -52.905576 -40.431340 -46.750706 -49.703839 -53.621709 -50.125333 -49.844662 -52.195554 -52.127034 -50.663373 -50.320683 -51.598645 
23424242.424242 37.385373 9.896629 5.416785 -8.518056 -20.497071 -46.207555 -53.796101 -41.410092 -47.884396 -49.707516 -53.081891 -49.158017 -49.814671 -52.392194 -51.537000 -51.435185 -50.327817 -52.293813 
23727272.727273 37.424777 9.762904 5.196506 -7.922681 -20.043687 -46.850354 -53.081624 -51.492886 -46.015759 -49.084180 -52.896436 -49.244969 -50.415891 -52.273991 -51.630803 -49.441602 -49.820897 -52.899861 
24030303.030303 37.524556 9.544276 4.951324 -7.370515 -19.587861 -45.640401 -53.017560 -46.389973 -46.161679 -47.657491 -53.076802 -49.678670 -50.852895 -52.848378 -52.347707 -50.423512 -48.789281 -52.672467 
24333333.333333 37.631202 9.321454 4.680831 -6.814286 -18.868295 -47.176266 -53.206311 -36.719014 -44.460583 -48.135312 -53.738293 -48.674001 -51.568280 -53.627942 -52.332318 -50.258397 -48.497433 -53.078961 
24636363.636364 37.672259 9.088720 4.345267 -6.382115 -18.106538 -48.914731 -53.119878 -48.192998 -44.930127 -47.552502 -52.782544 -48.110760 -50.824666 -52.887021 -52.486493 -49.713734 -49.554990 -53.020352 
24939393.939394 37.711408 8.840476 4.014144 -6.004350 -17.248547 -49.850896 -53.116963 -45.760510 -45.450002 -46.488614 -52.120045 -48.353802 -52.341855 -52.331303 -52.965459 -49.968465 -48.320874 -52.009206 
25242424.242424 37.779920 8.569226 3.688998 -5.693948 -16.412679 -51.067967 -52.643231 -41.140370 -44.171017 -46.610760 -52.282872 -50.571469 -52.334348 -53.102612 -53.446309 -48.988713 -49.932240 -53.200467 
25545454.545455 37.794410 8.260478 3.318343 -5.504807 -15.596001 -48.681622 -53.680814 -40.455487 -44.929608 -46.437756 -51.959637 -50.617245 -52.078229 -52.670682 -51.422467 -48.936734 -49.338651 -53.607602 
25848484.848485 37.808773 7.928851 2.820590 -5.366128 -15.011548 -48.723058 -52.768185 -40.278813 -44.626202 -46.868153 -51.267651 -51.074704 -52.010472 -51.971448 -51.977177 -50.127736 -49.248402 -50.827351 
26151515.151515 37.809663 7.709583 2.372272 -5.253388 -14.464219 -48.668515 -52.585393 -41.454312 -43.680890 -45.422932 -50.696049 -50.244038 -51.930913 -52.654424 -51.899258 -48.805165 -48.552464 -51.521107 
26454545.454545 37.794664 7.541164 1.944934 -5.223008 -13.897954 -50.302251 -53.071332 -39.802914 -42.894467 -43.586064 -50.374577 -50.563214 -51.520856 -51.645421 -50.880734 -47.874226 -47.860234 -50.125584 
26757575.757576 37.785386 7.429439 1.504115 -5.273598 -13.502255 -50.611012 -53.810094 -40.266995 -43.104970 -44.282246 -49.647397 -50.577069 -51.742917 -51.808629 -51.525807 -48.699284 -48.913983 -50.817830 
27060606.060606 37.728315 7.372874 1.068008 -5.389386 -13.174443 -48.179532 -53.324796 -41.667859 -43.431378 -43.561795 -49.258054 -50.317517 -51.811932 -51.264981 -50.216977 -48.043393 -48.101994 -51.251271 
27363636.363636 37.673403 7.324695 0.623500 -5.548657 -12.918576 -48.572301 -53.526898 -43.060612 -43.481198 -44.049115 -47.001241 -49.765866 -51.177281 -50.878575 -49.947369 -47.816258 -48.233556 -51.157071 
27666666.666667 37.615186 7.311221 0.130828 -5.775552 -12.768075 -50.670125 -53.779065 -43.061993 -42.510220 -43.267522 -45.903516 -49.733952 -51.535970 -50.272893 -49.362538 -47.091229 -47.349889 -50.933102 
27969696.969697 37.523160 7.336650 -0.366162 -6.051381 -12.584786 -51.728680 -53.234280 -39.894063 -45.818234 -43.369221 -45.226666 -49.962376 -50.688298 -48.940160 -48.905843 -42.792523 -46.592084 -50.021481 
28272727.272727 37.420454 7.372867 -0.902699 -6.316148 -12.464539 -51.873334 -53.429921 -35.923680 -48.301694 -43.673909 -44.327245 -50.760991 -49.860806 -48.786229 -48.731572 -46.943143 -47.380276 -50.790730 
28575757.575758 37.378129 7.396899 -1.442017 -6.594010 -12.335904 -50.284978 -52.737675 -35.143864 -52.008702 -43.418156 -43.420193 -50.337094 -49.512791 -48.835172 -48.572041 -47.397054 -47.216443 -50.984067 
28878787.878788 37.285211 7.417487 -2.003838 -6.899064 -12.184148 -48.401463 -53.107060 -39.459981 -50.381955 -43.798215 -42.703290 -50.334538 -49.705991 -47.693852 -48.500745 -47.066953 -48.188817 -51.153256 
29181818.181818 37.194707 7.403754 -2.620953 -7.221036 -12.037579 -49.210271 -52.875966 -41.423688 -42.743092 -42.025304 -41.900861 -50.776509 -49.076810 -47.595471 -49.013249 -47.607159 -48.980450 -52.034764 
29484848.484848 37.086793 7.361434 -3.199811 -7.555966 -11.874379 -48.191602 -53.446286 -40.495030 -40.837331 -41.533261 -41.855733 -51.134312 -47.934087 -46.208463 -48.356984 -47.752446 -47.898495 -50.837643 
29787878.787879 36.966422 7.316432 -3.806760 -7.905137 -11.733796 -48.840878 -53.537694 -44.129712 -48.224789 -41.279813 -40.933553 -50.863446 -47.785504 -46.303029 -49.393941 -48.114842 -48.458417 -51.875241 
30090909.090909 36.865369 7.226573 -4.483105 -8.352307 -11.579732 -46.866116 -53.580396 -42.351079 -45.404492 -41.217519 -41.077817 -49.343350 -47.207021 -46.658154 -48.886655 -47.514371 -49.538838 -50.446912 
30393939.393939 36.699620 7.077728 -5.313382 -8.911843 -11.560670 -46.312428 -53.152043 -42.241132 -41.514828 -40.521855 -41.147359 -49.953854 -47.179051 -46.121014 -49.364453 -46.485318 -50.507291 -51.571706 
30696969.696970 36.432944 6.860370 -6.263909 -9.632294 -11.576302 -45.445302 -53.420499 -43.018643 -37.065366 -39.686101 -40.802762 -48.855000 -45.919156 -46.250531 -49.055562 -47.621915 -48.851186 -51.922269 
31000000.000000 36.103349 6.536876 -7.387040 -10.597306 -11.689427 -43.265118 -53.601376 -43.028699 -39.505223 -38.194341 -40.285565 -49.590443 -46.384244 -46.661725 -49.347668 -49.092679 -50.135365 -52.016331 
