 1.00000000e+05 -1.74731000e-04
 1.02306000e+05 -1.82874000e-04
 1.04665000e+05 -1.91396000e-04
 1.07079000e+05 -2.00315000e-04
 1.09548000e+05 -2.09649000e-04
 1.12074000e+05 -2.19418000e-04
 1.14658000e+05 -2.29641000e-04
 1.17302000e+05 -2.40340000e-04
 1.20007000e+05 -2.51537000e-04
 1.22775000e+05 -2.63254000e-04
 1.25606000e+05 -2.75516000e-04
 1.28502000e+05 -2.88349000e-04
 1.31466000e+05 -3.01779000e-04
 1.34497000e+05 -3.15833000e-04
 1.37599000e+05 -3.30540000e-04
 1.40772000e+05 -3.45930000e-04
 1.44018000e+05 -3.62036000e-04
 1.47339000e+05 -3.78890000e-04
 1.50736000e+05 -3.96527000e-04
 1.54212000e+05 -4.14984000e-04
 1.57768000e+05 -4.34297000e-04
 1.61406000e+05 -4.54506000e-04
 1.65128000e+05 -4.75654000e-04
 1.68936000e+05 -4.97783000e-04
 1.72832000e+05 -5.20938000e-04
 1.76817000e+05 -5.45168000e-04
 1.80895000e+05 -5.70520000e-04
 1.85066000e+05 -5.97048000e-04
 1.89334000e+05 -6.24805000e-04
 1.93700000e+05 -6.53848000e-04
 1.98166000e+05 -6.84235000e-04
 2.02736000e+05 -7.16029000e-04
 2.07411000e+05 -7.49294000e-04
 2.12194000e+05 -7.84098000e-04
 2.17087000e+05 -8.20512000e-04
 2.22093000e+05 -8.58608000e-04
 2.27214000e+05 -8.98464000e-04
 2.32454000e+05 -9.40160000e-04
 2.37814000e+05 -9.83781000e-04
 2.43298000e+05 -1.02941000e-03
 2.48908000e+05 -1.07715000e-03
 2.54648000e+05 -1.12709000e-03
 2.60520000e+05 -1.17932000e-03
 2.66528000e+05 -1.23396000e-03
 2.72674000e+05 -1.29112000e-03
 2.78962000e+05 -1.35090000e-03
 2.85394000e+05 -1.41342000e-03
 2.91976000e+05 -1.47882000e-03
 2.98708000e+05 -1.54722000e-03
 3.05597000e+05 -1.61875000e-03
 3.12644000e+05 -1.69355000e-03
 3.19853000e+05 -1.77178000e-03
 3.27229000e+05 -1.85358000e-03
 3.34775000e+05 -1.93912000e-03
 3.42494000e+05 -2.02856000e-03
 3.50392000e+05 -2.12207000e-03
 3.58472000e+05 -2.21984000e-03
 3.66738000e+05 -2.32205000e-03
 3.75195000e+05 -2.42891000e-03
 3.83847000e+05 -2.54061000e-03
 3.92699000e+05 -2.65737000e-03
 4.01754000e+05 -2.77941000e-03
 4.11019000e+05 -2.90695000e-03
 4.20496000e+05 -3.04025000e-03
 4.30193000e+05 -3.17955000e-03
 4.40113000e+05 -3.32510000e-03
 4.50262000e+05 -3.47718000e-03
 4.60645000e+05 -3.63607000e-03
 4.71267000e+05 -3.80205000e-03
 4.82135000e+05 -3.97544000e-03
 4.93253000e+05 -4.15653000e-03
 5.04627000e+05 -4.34566000e-03
 5.16263000e+05 -4.54316000e-03
 5.28168000e+05 -4.74938000e-03
 5.40348000e+05 -4.96468000e-03
 5.52808000e+05 -5.18943000e-03
 5.65556000e+05 -5.42402000e-03
 5.78597000e+05 -5.66884000e-03
 5.91939000e+05 -5.92431000e-03
 6.05589000e+05 -6.19086000e-03
 6.19554000e+05 -6.46891000e-03
 6.33841000e+05 -6.75891000e-03
 6.48457000e+05 -7.06134000e-03
 6.63410000e+05 -7.37667000e-03
 6.78708000e+05 -7.70538000e-03
 6.94359000e+05 -8.04799000e-03
 7.10371000e+05 -8.40499000e-03
 7.26752000e+05 -8.77692000e-03
 7.43511000e+05 -9.16431000e-03
 7.60656000e+05 -9.56770000e-03
 7.78196000e+05 -9.98767000e-03
 7.96141000e+05 -1.04248000e-02
 8.14500000e+05 -1.08795000e-02
 8.33282000e+05 -1.13526000e-02
 8.52497000e+05 -1.18445000e-02
 8.72156000e+05 -1.23559000e-02
 8.92267000e+05 -1.28873000e-02
 9.12843000e+05 -1.34394000e-02
 9.33893000e+05 -1.40126000e-02
 9.55428000e+05 -1.46076000e-02
 9.77460000e+05 -1.52250000e-02
 1.00000000e+06 -1.58652000e-02
 1.02306000e+06 -1.65289000e-02
 1.04665000e+06 -1.72165000e-02
 1.07079000e+06 -1.79285000e-02
 1.09548000e+06 -1.86654000e-02
 1.12074000e+06 -1.94277000e-02
 1.14658000e+06 -2.02156000e-02
 1.17302000e+06 -2.10295000e-02
 1.20007000e+06 -2.18697000e-02
 1.22775000e+06 -2.27363000e-02
 1.25606000e+06 -2.36295000e-02
 1.28502000e+06 -2.45494000e-02
 1.31466000e+06 -2.54958000e-02
 1.34497000e+06 -2.64685000e-02
 1.37599000e+06 -2.74674000e-02
 1.40772000e+06 -2.84920000e-02
 1.44018000e+06 -2.95416000e-02
 1.47339000e+06 -3.06156000e-02
 1.50736000e+06 -3.17130000e-02
 1.54212000e+06 -3.28327000e-02
 1.57768000e+06 -3.39735000e-02
 1.61406000e+06 -3.51336000e-02
 1.65128000e+06 -3.63113000e-02
 1.68936000e+06 -3.75044000e-02
 1.72832000e+06 -3.87106000e-02
 1.76817000e+06 -3.99272000e-02
 1.80895000e+06 -4.11509000e-02
 1.85066000e+06 -4.23785000e-02
 1.89334000e+06 -4.36059000e-02
 1.93700000e+06 -4.48290000e-02
 1.98166000e+06 -4.60431000e-02
 2.02736000e+06 -4.72429000e-02
 2.07411000e+06 -4.84227000e-02
 2.12194000e+06 -4.95765000e-02
 2.17087000e+06 -5.06974000e-02
 2.22093000e+06 -5.17782000e-02
 2.27214000e+06 -5.28111000e-02
 2.32454000e+06 -5.37878000e-02
 2.37814000e+06 -5.46993000e-02
 2.43298000e+06 -5.55361000e-02
 2.48908000e+06 -5.62883000e-02
 2.54648000e+06 -5.69454000e-02
 2.60520000e+06 -5.74964000e-02
 2.66528000e+06 -5.79301000e-02
 2.72674000e+06 -5.82347000e-02
 2.78962000e+06 -5.83984000e-02
 2.85394000e+06 -5.84093000e-02
 2.91976000e+06 -5.82554000e-02
 2.98708000e+06 -5.79252000e-02
 3.05597000e+06 -5.74073000e-02
 3.12644000e+06 -5.66912000e-02
 3.19853000e+06 -5.57673000e-02
 3.27229000e+06 -5.46274000e-02
 3.34775000e+06 -5.32648000e-02
 3.42494000e+06 -5.16751000e-02
 3.50392000e+06 -4.98562000e-02
 3.58472000e+06 -4.78093000e-02
 3.66738000e+06 -4.55391000e-02
 3.75195000e+06 -4.30543000e-02
 3.83847000e+06 -4.03687000e-02
 3.92699000e+06 -3.75011000e-02
 4.01754000e+06 -3.44766000e-02
 4.11019000e+06 -3.13263000e-02
 4.20496000e+06 -2.80885000e-02
 4.30193000e+06 -2.48083000e-02
 4.40113000e+06 -2.15379000e-02
 4.50262000e+06 -1.83362000e-02
 4.60645000e+06 -1.52680000e-02
 4.71267000e+06 -1.24029000e-02
 4.82135000e+06 -9.81280000e-03
 4.93253000e+06 -7.56927000e-03
 5.04627000e+06 -5.73968000e-03
 5.16263000e+06 -4.38201000e-03
 5.28168000e+06 -3.53855000e-03
 5.40348000e+06 -3.22841000e-03
 5.52808000e+06 -3.43883000e-03
 5.65556000e+06 -4.11601000e-03
 5.78597000e+06 -5.15617000e-03
 5.91939000e+06 -6.39853000e-03
 6.05589000e+06 -7.62289000e-03
 6.19554000e+06 -8.55621000e-03
 6.33841000e+06 -8.89523000e-03
 6.48457000e+06 -8.35629000e-03
 6.63410000e+06 -6.76960000e-03
 6.78708000e+06 -4.24507000e-03
 6.94359000e+06 -1.45105000e-03
 7.10371000e+06 -6.77337000e-05
 7.26752000e+06 -3.50301000e-03
 7.43511000e+06 -1.79836000e-02
 7.60656000e+06 -5.41330000e-02
 7.78196000e+06 -1.29056000e-01
 7.96141000e+06 -2.68636000e-01
 8.14500000e+06 -5.09051000e-01
 8.33282000e+06 -8.95466000e-01
 8.52497000e+06 -1.47537000e+00
 8.72156000e+06 -2.28608000e+00
 8.92267000e+06 -3.34141000e+00
 9.12843000e+06 -4.62617000e+00
 9.33893000e+06 -6.10287000e+00
 9.55428000e+06 -7.72552000e+00
 9.77460000e+06 -9.45168000e+00
 1.00000000e+07 -1.12486000e+01
 1.02306000e+07 -1.30943000e+01
 1.04665000e+07 -1.49759000e+01
 1.07079000e+07 -1.68876000e+01
 1.09548000e+07 -1.88285000e+01
 1.12074000e+07 -2.08018000e+01
 1.14658000e+07 -2.28138000e+01
 1.17302000e+07 -2.48735000e+01
 1.20007000e+07 -2.69931000e+01
 1.22775000e+07 -2.91886000e+01
 1.25606000e+07 -3.14808000e+01
 1.28502000e+07 -3.38985000e+01
 1.31466000e+07 -3.64819000e+01
 1.34497000e+07 -3.92913000e+01
 1.37599000e+07 -4.24235000e+01
 1.40772000e+07 -4.60508000e+01
 1.44018000e+07 -5.05328000e+01
 1.47339000e+07 -5.68653000e+01
 1.50736000e+07 -7.11307000e+01
 1.54212000e+07 -6.49135000e+01
 1.57768000e+07 -5.87042000e+01
 1.61406000e+07 -5.61957000e+01
 1.65128000e+07 -5.50205000e+01
 1.68936000e+07 -5.45748000e+01
 1.72832000e+07 -5.46231000e+01
 1.76817000e+07 -5.50621000e+01
 1.80895000e+07 -5.58553000e+01
 1.85066000e+07 -5.70143000e+01
 1.89334000e+07 -5.86043000e+01
 1.93700000e+07 -6.07796000e+01
 1.98166000e+07 -6.39011000e+01
 2.02736000e+07 -6.90384000e+01
 2.07411000e+07 -8.37548000e+01
 2.12194000e+07 -7.30568000e+01
 2.17087000e+07 -6.59313000e+01
 2.22093000e+07 -6.21516000e+01
 2.27214000e+07 -5.96048000e+01
 2.32454000e+07 -5.77116000e+01
 2.37814000e+07 -5.62267000e+01
 2.43298000e+07 -5.50227000e+01
 2.48908000e+07 -5.40246000e+01
 2.54648000e+07 -5.31842000e+01
 2.60520000e+07 -5.24689000e+01
 2.66528000e+07 -5.18550000e+01
 2.72674000e+07 -5.13254000e+01
 2.78962000e+07 -5.08667000e+01
 2.85394000e+07 -5.04687000e+01
 2.91976000e+07 -5.01231000e+01
 2.98708000e+07 -4.98231000e+01
 3.05597000e+07 -4.95634000e+01
 3.12644000e+07 -4.93394000e+01
 3.19853000e+07 -4.91470000e+01
 3.27229000e+07 -4.89832000e+01
 3.34775000e+07 -4.88450000e+01
 3.42494000e+07 -4.87301000e+01
 3.50392000e+07 -4.86362000e+01
 3.58472000e+07 -4.85615000e+01
 3.66738000e+07 -4.85044000e+01
 3.75195000e+07 -4.84634000e+01
 3.83847000e+07 -4.84373000e+01
 3.92699000e+07 -4.84248000e+01
 4.01754000e+07 -4.84249000e+01
 4.11019000e+07 -4.84367000e+01
 4.20496000e+07 -4.84594000e+01
 4.30193000e+07 -4.84921000e+01
 4.40113000e+07 -4.85342000e+01
 4.50262000e+07 -4.85850000e+01
 4.60645000e+07 -4.86440000e+01
 4.71267000e+07 -4.87106000e+01
 4.82135000e+07 -4.87843000e+01
 4.93253000e+07 -4.88647000e+01
 5.04627000e+07 -4.89514000e+01
 5.16263000e+07 -4.90439000e+01
 5.28168000e+07 -4.91420000e+01
 5.40348000e+07 -4.92452000e+01
 5.52808000e+07 -4.93534000e+01
 5.65556000e+07 -4.94661000e+01
 5.78597000e+07 -4.95832000e+01
 5.91939000e+07 -4.97043000e+01
 6.05589000e+07 -4.98294000e+01
 6.19554000e+07 -4.99581000e+01
 6.33841000e+07 -5.00902000e+01
 6.48457000e+07 -5.02256000e+01
 6.63410000e+07 -5.03640000e+01
 6.78708000e+07 -5.05054000e+01
 6.94359000e+07 -5.06496000e+01
 7.10371000e+07 -5.07963000e+01
 7.26752000e+07 -5.09456000e+01
 7.43511000e+07 -5.10971000e+01
 7.60656000e+07 -5.12510000e+01
 7.78196000e+07 -5.14069000e+01
 7.96141000e+07 -5.15648000e+01
 8.14500000e+07 -5.17247000e+01
 8.33282000e+07 -5.18864000e+01
 8.52497000e+07 -5.20497000e+01
 8.72156000e+07 -5.22147000e+01
 8.92267000e+07 -5.23813000e+01
 9.12843000e+07 -5.25493000e+01
 9.33893000e+07 -5.27188000e+01
 9.55428000e+07 -5.28896000e+01
 9.77460000e+07 -5.30616000e+01
 1.00000000e+08 -5.32349000e+01
 1.02306000e+08 -5.34093000e+01
 1.04665000e+08 -5.35848000e+01
 1.07079000e+08 -5.37613000e+01
 1.09548000e+08 -5.39388000e+01
 1.12074000e+08 -5.41173000e+01
 1.14658000e+08 -5.42967000e+01
 1.17302000e+08 -5.44769000e+01
 1.20007000e+08 -5.46580000e+01
 1.22775000e+08 -5.48398000e+01
 1.25606000e+08 -5.50224000e+01
 1.28502000e+08 -5.52056000e+01
 1.31466000e+08 -5.53896000e+01
 1.34497000e+08 -5.55742000e+01
 1.37599000e+08 -5.57594000e+01
 1.40772000e+08 -5.59452000e+01
 1.44018000e+08 -5.61315000e+01
 1.47339000e+08 -5.63184000e+01
 1.50736000e+08 -5.65057000e+01
 1.54212000e+08 -5.66936000e+01
 1.57768000e+08 -5.68819000e+01
 1.61406000e+08 -5.70707000e+01
 1.65128000e+08 -5.72599000e+01
 1.68936000e+08 -5.74495000e+01
 1.72832000e+08 -5.76394000e+01
 1.76817000e+08 -5.78297000e+01
 1.80895000e+08 -5.80204000e+01
 1.85066000e+08 -5.82114000e+01
 1.89334000e+08 -5.84027000e+01
 1.93700000e+08 -5.85944000e+01
 1.98166000e+08 -5.87863000e+01
 2.02736000e+08 -5.89785000e+01
 2.07411000e+08 -5.91709000e+01
 2.12194000e+08 -5.93636000e+01
 2.17087000e+08 -5.95565000e+01
 2.22093000e+08 -5.97497000e+01
 2.27214000e+08 -5.99431000e+01
 2.32454000e+08 -6.01367000e+01
 2.37814000e+08 -6.03305000e+01
 2.43298000e+08 -6.05245000e+01
 2.48908000e+08 -6.07186000e+01
 2.54648000e+08 -6.09130000e+01
 2.60520000e+08 -6.11075000e+01
 2.66528000e+08 -6.13021000e+01
 2.72674000e+08 -6.14969000e+01
 2.78962000e+08 -6.16919000e+01
 2.85394000e+08 -6.18870000e+01
 2.91976000e+08 -6.20822000e+01
 2.98708000e+08 -6.22775000e+01
 3.05597000e+08 -6.24730000e+01
 3.12644000e+08 -6.26686000e+01
 3.19853000e+08 -6.28643000e+01
 3.27229000e+08 -6.30601000e+01
 3.34775000e+08 -6.32560000e+01
 3.42494000e+08 -6.34520000e+01
 3.50392000e+08 -6.36480000e+01
 3.58472000e+08 -6.38442000e+01
 3.66738000e+08 -6.40405000e+01
 3.75195000e+08 -6.42368000e+01
 3.83847000e+08 -6.44332000e+01
 3.92699000e+08 -6.46297000e+01
 4.01754000e+08 -6.48262000e+01
 4.11019000e+08 -6.50228000e+01
 4.20496000e+08 -6.52195000e+01
 4.30193000e+08 -6.54162000e+01
 4.40113000e+08 -6.56130000e+01
 4.50262000e+08 -6.58099000e+01
 4.60645000e+08 -6.60068000e+01
 4.71267000e+08 -6.62037000e+01
 4.82135000e+08 -6.64007000e+01
 4.93253000e+08 -6.65978000e+01
 5.04627000e+08 -6.67948000e+01
 5.16263000e+08 -6.69920000e+01
 5.28168000e+08 -6.71891000e+01
 5.40348000e+08 -6.73863000e+01
 5.52808000e+08 -6.75836000e+01
 5.65556000e+08 -6.77809000e+01
 5.78597000e+08 -6.79782000e+01
 5.91939000e+08 -6.81755000e+01
 6.05589000e+08 -6.83729000e+01
 6.19554000e+08 -6.85703000e+01
 6.33841000e+08 -6.87677000e+01
 6.48457000e+08 -6.89652000e+01
 6.63410000e+08 -6.91626000e+01
 6.78708000e+08 -6.93602000e+01
 6.94359000e+08 -6.95577000e+01
 7.10371000e+08 -6.97552000e+01
 7.26752000e+08 -6.99528000e+01
 7.43511000e+08 -7.01504000e+01
 7.60656000e+08 -7.03480000e+01
 7.78196000e+08 -7.05456000e+01
 7.96141000e+08 -7.07433000e+01
 8.14500000e+08 -7.09409000e+01
 8.33282000e+08 -7.11386000e+01
 8.52497000e+08 -7.13363000e+01
 8.72156000e+08 -7.15340000e+01
 8.92267000e+08 -7.17317000e+01
 9.12843000e+08 -7.19295000e+01
 9.33893000e+08 -7.21272000e+01
 9.55428000e+08 -7.23250000e+01
 9.77460000e+08 -7.25227000e+01
 1.00000000e+09 -7.27205000e+01
