 1.00000000e+05 -1.62638000e-05
 1.02306000e+05 -1.70225000e-05
 1.04665000e+05 -1.78166000e-05
 1.07079000e+05 -1.86477000e-05
 1.09548000e+05 -1.95176000e-05
 1.12074000e+05 -2.04281000e-05
 1.14658000e+05 -2.13810000e-05
 1.17302000e+05 -2.23784000e-05
 1.20007000e+05 -2.34223000e-05
 1.22775000e+05 -2.45149000e-05
 1.25606000e+05 -2.56584000e-05
 1.28502000e+05 -2.68553000e-05
 1.31466000e+05 -2.81081000e-05
 1.34497000e+05 -2.94192000e-05
 1.37599000e+05 -3.07915000e-05
 1.40772000e+05 -3.22278000e-05
 1.44018000e+05 -3.37312000e-05
 1.47339000e+05 -3.53046000e-05
 1.50736000e+05 -3.69514000e-05
 1.54212000e+05 -3.86750000e-05
 1.57768000e+05 -4.04790000e-05
 1.61406000e+05 -4.23672000e-05
 1.65128000e+05 -4.43434000e-05
 1.68936000e+05 -4.64117000e-05
 1.72832000e+05 -4.85766000e-05
 1.76817000e+05 -5.08424000e-05
 1.80895000e+05 -5.32138000e-05
 1.85066000e+05 -5.56959000e-05
 1.89334000e+05 -5.82937000e-05
 1.93700000e+05 -6.10126000e-05
 1.98166000e+05 -6.38584000e-05
 2.02736000e+05 -6.68368000e-05
 2.07411000e+05 -6.99541000e-05
 2.12194000e+05 -7.32168000e-05
 2.17087000e+05 -7.66317000e-05
 2.22093000e+05 -8.02057000e-05
 2.27214000e+05 -8.39464000e-05
 2.32454000e+05 -8.78616000e-05
 2.37814000e+05 -9.19592000e-05
 2.43298000e+05 -9.62479000e-05
 2.48908000e+05 -1.00737000e-04
 2.54648000e+05 -1.05435000e-04
 2.60520000e+05 -1.10351000e-04
 2.66528000e+05 -1.15498000e-04
 2.72674000e+05 -1.20884000e-04
 2.78962000e+05 -1.26521000e-04
 2.85394000e+05 -1.32421000e-04
 2.91976000e+05 -1.38596000e-04
 2.98708000e+05 -1.45058000e-04
 3.05597000e+05 -1.51822000e-04
 3.12644000e+05 -1.58901000e-04
 3.19853000e+05 -1.66310000e-04
 3.27229000e+05 -1.74065000e-04
 3.34775000e+05 -1.82180000e-04
 3.42494000e+05 -1.90674000e-04
 3.50392000e+05 -1.99564000e-04
 3.58472000e+05 -2.08868000e-04
 3.66738000e+05 -2.18605000e-04
 3.75195000e+05 -2.28796000e-04
 3.83847000e+05 -2.39461000e-04
 3.92699000e+05 -2.50624000e-04
 4.01754000e+05 -2.62306000e-04
 4.11019000e+05 -2.74532000e-04
 4.20496000e+05 -2.87328000e-04
 4.30193000e+05 -3.00720000e-04
 4.40113000e+05 -3.14735000e-04
 4.50262000e+05 -3.29402000e-04
 4.60645000e+05 -3.44753000e-04
 4.71267000e+05 -3.60817000e-04
 4.82135000e+05 -3.77630000e-04
 4.93253000e+05 -3.95225000e-04
 5.04627000e+05 -4.13639000e-04
 5.16263000e+05 -4.32909000e-04
 5.28168000e+05 -4.53076000e-04
 5.40348000e+05 -4.74181000e-04
 5.52808000e+05 -4.96268000e-04
 5.65556000e+05 -5.19381000e-04
 5.78597000e+05 -5.43570000e-04
 5.91939000e+05 -5.68882000e-04
 6.05589000e+05 -5.95372000e-04
 6.19554000e+05 -6.23092000e-04
 6.33841000e+05 -6.52100000e-04
 6.48457000e+05 -6.82456000e-04
 6.63410000e+05 -7.14222000e-04
 6.78708000e+05 -7.47463000e-04
 6.94359000e+05 -7.82247000e-04
 7.10371000e+05 -8.18646000e-04
 7.26752000e+05 -8.56734000e-04
 7.43511000e+05 -8.96588000e-04
 7.60656000e+05 -9.38292000e-04
 7.78196000e+05 -9.81928000e-04
 7.96141000e+05 -1.02759000e-03
 8.14500000e+05 -1.07536000e-03
 8.33282000e+05 -1.12535000e-03
 8.52497000e+05 -1.17766000e-03
 8.72156000e+05 -1.23238000e-03
 8.92267000e+05 -1.28964000e-03
 9.12843000e+05 -1.34955000e-03
 9.33893000e+05 -1.41222000e-03
 9.55428000e+05 -1.47780000e-03
 9.77460000e+05 -1.54640000e-03
 1.00000000e+06 -1.61818000e-03
 1.02306000e+06 -1.69326000e-03
 1.04665000e+06 -1.77181000e-03
 1.07079000e+06 -1.85398000e-03
 1.09548000e+06 -1.93994000e-03
 1.12074000e+06 -2.02986000e-03
 1.14658000e+06 -2.12392000e-03
 1.17302000e+06 -2.22231000e-03
 1.20007000e+06 -2.32522000e-03
 1.22775000e+06 -2.43285000e-03
 1.25606000e+06 -2.54543000e-03
 1.28502000e+06 -2.66318000e-03
 1.31466000e+06 -2.78632000e-03
 1.34497000e+06 -2.91510000e-03
 1.37599000e+06 -3.04977000e-03
 1.40772000e+06 -3.19061000e-03
 1.44018000e+06 -3.33787000e-03
 1.47339000e+06 -3.49185000e-03
 1.50736000e+06 -3.65286000e-03
 1.54212000e+06 -3.82119000e-03
 1.57768000e+06 -3.99718000e-03
 1.61406000e+06 -4.18116000e-03
 1.65128000e+06 -4.37349000e-03
 1.68936000e+06 -4.57454000e-03
 1.72832000e+06 -4.78467000e-03
 1.76817000e+06 -5.00431000e-03
 1.80895000e+06 -5.23384000e-03
 1.85066000e+06 -5.47372000e-03
 1.89334000e+06 -5.72437000e-03
 1.93700000e+06 -5.98628000e-03
 1.98166000e+06 -6.25991000e-03
 2.02736000e+06 -6.54578000e-03
 2.07411000e+06 -6.84440000e-03
 2.12194000e+06 -7.15631000e-03
 2.17087000e+06 -7.48207000e-03
 2.22093000e+06 -7.82227000e-03
 2.27214000e+06 -8.17750000e-03
 2.32454000e+06 -8.54838000e-03
 2.37814000e+06 -8.93556000e-03
 2.43298000e+06 -9.33971000e-03
 2.48908000e+06 -9.76151000e-03
 2.54648000e+06 -1.02017000e-02
 2.60520000e+06 -1.06609000e-02
 2.66528000e+06 -1.11401000e-02
 2.72674000e+06 -1.16398000e-02
 2.78962000e+06 -1.21610000e-02
 2.85394000e+06 -1.27045000e-02
 2.91976000e+06 -1.32710000e-02
 2.98708000e+06 -1.38616000e-02
 3.05597000e+06 -1.44770000e-02
 3.12644000e+06 -1.51182000e-02
 3.19853000e+06 -1.57861000e-02
 3.27229000e+06 -1.64816000e-02
 3.34775000e+06 -1.72058000e-02
 3.42494000e+06 -1.79596000e-02
 3.50392000e+06 -1.87440000e-02
 3.58472000e+06 -1.95600000e-02
 3.66738000e+06 -2.04086000e-02
 3.75195000e+06 -2.12908000e-02
 3.83847000e+06 -2.22077000e-02
 3.92699000e+06 -2.31604000e-02
 4.01754000e+06 -2.41497000e-02
 4.11019000e+06 -2.51767000e-02
 4.20496000e+06 -2.62425000e-02
 4.30193000e+06 -2.73479000e-02
 4.40113000e+06 -2.84940000e-02
 4.50262000e+06 -2.96815000e-02
 4.60645000e+06 -3.09115000e-02
 4.71267000e+06 -3.21847000e-02
 4.82135000e+06 -3.35018000e-02
 4.93253000e+06 -3.48636000e-02
 5.04627000e+06 -3.62705000e-02
 5.16263000e+06 -3.77232000e-02
 5.28168000e+06 -3.92219000e-02
 5.40348000e+06 -4.07670000e-02
 5.52808000e+06 -4.23584000e-02
 5.65556000e+06 -4.39962000e-02
 5.78597000e+06 -4.56801000e-02
 5.91939000e+06 -4.74095000e-02
 6.05589000e+06 -4.91839000e-02
 6.19554000e+06 -5.10023000e-02
 6.33841000e+06 -5.28634000e-02
 6.48457000e+06 -5.47656000e-02
 6.63410000e+06 -5.67071000e-02
 6.78708000e+06 -5.86856000e-02
 6.94359000e+06 -6.06984000e-02
 7.10371000e+06 -6.27424000e-02
 7.26752000e+06 -6.48139000e-02
 7.43511000e+06 -6.69087000e-02
 7.60656000e+06 -6.90222000e-02
 7.78196000e+06 -7.11490000e-02
 7.96141000e+06 -7.32830000e-02
 8.14500000e+06 -7.54176000e-02
 8.33282000e+06 -7.75453000e-02
 8.52497000e+06 -7.96578000e-02
 8.72156000e+06 -8.17461000e-02
 8.92267000e+06 -8.38000000e-02
 9.12843000e+06 -8.58088000e-02
 9.33893000e+06 -8.77604000e-02
 9.55428000e+06 -8.96422000e-02
 9.77460000e+06 -9.14400000e-02
 1.00000000e+07 -9.31391000e-02
 1.02306000e+07 -9.47234000e-02
 1.04665000e+07 -9.61759000e-02
 1.07079000e+07 -9.74788000e-02
 1.09548000e+07 -9.86129000e-02
 1.12074000e+07 -9.95585000e-02
 1.14658000e+07 -1.00295000e-01
 1.17302000e+07 -1.00801000e-01
 1.20007000e+07 -1.01055000e-01
 1.22775000e+07 -1.01035000e-01
 1.25606000e+07 -1.00719000e-01
 1.28502000e+07 -1.00086000e-01
 1.31466000e+07 -9.91147000e-02
 1.34497000e+07 -9.77858000e-02
 1.37599000e+07 -9.60818000e-02
 1.40772000e+07 -9.39877000e-02
 1.44018000e+07 -9.14919000e-02
 1.47339000e+07 -8.85871000e-02
 1.50736000e+07 -8.52711000e-02
 1.54212000e+07 -8.15482000e-02
 1.57768000e+07 -7.74306000e-02
 1.61406000e+07 -7.29392000e-02
 1.65128000e+07 -6.81057000e-02
 1.68936000e+07 -6.29736000e-02
 1.72832000e+07 -5.75999000e-02
 1.76817000e+07 -5.20565000e-02
 1.80895000e+07 -4.64312000e-02
 1.85066000e+07 -4.08288000e-02
 1.89334000e+07 -3.53705000e-02
 1.93700000e+07 -3.01942000e-02
 1.98166000e+07 -2.54519000e-02
 2.02736000e+07 -2.13059000e-02
 2.07411000e+07 -1.79238000e-02
 2.12194000e+07 -1.54692000e-02
 2.17087000e+07 -1.40903000e-02
 2.22093000e+07 -1.39040000e-02
 2.27214000e+07 -1.49753000e-02
 2.32454000e+07 -1.72937000e-02
 2.37814000e+07 -2.07439000e-02
 2.43298000e+07 -2.50759000e-02
 2.48908000e+07 -2.98775000e-02
 2.54648000e+07 -3.45559000e-02
 2.60520000e+07 -3.83449000e-02
 2.66528000e+07 -4.03630000e-02
 2.72674000e+07 -3.97680000e-02
 2.78962000e+07 -3.60888000e-02
 2.85394000e+07 -2.98762000e-02
 2.91976000e+07 -2.39121000e-02
 2.98708000e+07 -2.53625000e-02
 3.05597000e+07 -4.94197000e-02
 3.12644000e+07 -1.24927000e-01
 3.19853000e+07 -3.01540000e-01
 3.27229000e+07 -6.54790000e-01
 3.34775000e+07 -1.27967000e+00
 3.42494000e+07 -2.26226000e+00
 3.50392000e+07 -3.63766000e+00
 3.58472000e+07 -5.36991000e+00
 3.66738000e+07 -7.37618000e+00
 3.75195000e+07 -9.56915000e+00
 3.83847000e+07 -1.18834000e+01
 3.92699000e+07 -1.42809000e+01
 4.01754000e+07 -1.67453000e+01
 4.11019000e+07 -1.92765000e+01
 4.20496000e+07 -2.18853000e+01
 4.30193000e+07 -2.45921000e+01
 4.40113000e+07 -2.74267000e+01
 4.50262000e+07 -3.04313000e+01
 4.60645000e+07 -3.36664000e+01
 4.71267000e+07 -3.72240000e+01
 4.82135000e+07 -4.12552000e+01
 4.93253000e+07 -4.60439000e+01
 5.04627000e+07 -5.22495000e+01
 5.16263000e+07 -6.23243000e+01
 5.28168000e+07 -7.24881000e+01
 5.40348000e+07 -6.28188000e+01
 5.52808000e+07 -6.17895000e+01
 5.65556000e+07 -6.43296000e+01
 5.78597000e+07 -7.48601000e+01
 5.91939000e+07 -6.78394000e+01
 6.05589000e+07 -5.91474000e+01
 6.19554000e+07 -5.45443000e+01
 6.33841000e+07 -5.14101000e+01
 6.48457000e+07 -4.90622000e+01
 6.63410000e+07 -4.72122000e+01
 6.78708000e+07 -4.57082000e+01
 6.94359000e+07 -4.44596000e+01
 7.10371000e+07 -4.34076000e+01
 7.26752000e+07 -4.25115000e+01
 7.43511000e+07 -4.17422000e+01
 7.60656000e+07 -4.10779000e+01
 7.78196000e+07 -4.05018000e+01
 7.96141000e+07 -4.00009000e+01
 8.14500000e+07 -3.95647000e+01
 8.33282000e+07 -3.91846000e+01
 8.52497000e+07 -3.88537000e+01
 8.72156000e+07 -3.85662000e+01
 8.92267000e+07 -3.83172000e+01
 9.12843000e+07 -3.81025000e+01
 9.33893000e+07 -3.79186000e+01
 9.55428000e+07 -3.77625000e+01
 9.77460000e+07 -3.76313000e+01
 1.00000000e+08 -3.75229000e+01
 1.02306000e+08 -3.74351000e+01
 1.04665000e+08 -3.73663000e+01
 1.07079000e+08 -3.73147000e+01
 1.09548000e+08 -3.72790000e+01
 1.12074000e+08 -3.72579000e+01
 1.14658000e+08 -3.72502000e+01
 1.17302000e+08 -3.72550000e+01
 1.20007000e+08 -3.72713000e+01
 1.22775000e+08 -3.72983000e+01
 1.25606000e+08 -3.73352000e+01
 1.28502000e+08 -3.73813000e+01
 1.31466000e+08 -3.74360000e+01
 1.34497000e+08 -3.74987000e+01
 1.37599000e+08 -3.75689000e+01
 1.40772000e+08 -3.76461000e+01
 1.44018000e+08 -3.77298000e+01
 1.47339000e+08 -3.78197000e+01
 1.50736000e+08 -3.79153000e+01
 1.54212000e+08 -3.80164000e+01
 1.57768000e+08 -3.81225000e+01
 1.61406000e+08 -3.82334000e+01
 1.65128000e+08 -3.83488000e+01
 1.68936000e+08 -3.84685000e+01
 1.72832000e+08 -3.85921000e+01
 1.76817000e+08 -3.87195000e+01
 1.80895000e+08 -3.88505000e+01
 1.85066000e+08 -3.89848000e+01
 1.89334000e+08 -3.91223000e+01
 1.93700000e+08 -3.92628000e+01
 1.98166000e+08 -3.94061000e+01
 2.02736000e+08 -3.95521000e+01
 2.07411000e+08 -3.97007000e+01
 2.12194000e+08 -3.98516000e+01
 2.17087000e+08 -4.00049000e+01
 2.22093000e+08 -4.01603000e+01
 2.27214000e+08 -4.03177000e+01
 2.32454000e+08 -4.04771000e+01
 2.37814000e+08 -4.06384000e+01
 2.43298000e+08 -4.08013000e+01
 2.48908000e+08 -4.09660000e+01
 2.54648000e+08 -4.11322000e+01
 2.60520000e+08 -4.13000000e+01
 2.66528000e+08 -4.14691000e+01
 2.72674000e+08 -4.16397000e+01
 2.78962000e+08 -4.18115000e+01
 2.85394000e+08 -4.19845000e+01
 2.91976000e+08 -4.21587000e+01
 2.98708000e+08 -4.23340000e+01
 3.05597000e+08 -4.25104000e+01
 3.12644000e+08 -4.26877000e+01
 3.19853000e+08 -4.28661000e+01
 3.27229000e+08 -4.30453000e+01
 3.34775000e+08 -4.32254000e+01
 3.42494000e+08 -4.34063000e+01
 3.50392000e+08 -4.35880000e+01
 3.58472000e+08 -4.37705000e+01
 3.66738000e+08 -4.39537000e+01
 3.75195000e+08 -4.41375000e+01
 3.83847000e+08 -4.43220000e+01
 3.92699000e+08 -4.45072000e+01
 4.01754000e+08 -4.46929000e+01
 4.11019000e+08 -4.48791000e+01
 4.20496000e+08 -4.50660000e+01
 4.30193000e+08 -4.52533000e+01
 4.40113000e+08 -4.54411000e+01
 4.50262000e+08 -4.56293000e+01
 4.60645000e+08 -4.58181000e+01
 4.71267000e+08 -4.60072000e+01
 4.82135000e+08 -4.61967000e+01
 4.93253000e+08 -4.63867000e+01
 5.04627000e+08 -4.65769000e+01
 5.16263000e+08 -4.67676000e+01
 5.28168000e+08 -4.69585000e+01
 5.40348000e+08 -4.71498000e+01
 5.52808000e+08 -4.73414000e+01
 5.65556000e+08 -4.75333000e+01
 5.78597000e+08 -4.77255000e+01
 5.91939000e+08 -4.79179000e+01
 6.05589000e+08 -4.81106000e+01
 6.19554000e+08 -4.83035000e+01
 6.33841000e+08 -4.84966000e+01
 6.48457000e+08 -4.86900000e+01
 6.63410000e+08 -4.88836000e+01
 6.78708000e+08 -4.90774000e+01
 6.94359000e+08 -4.92713000e+01
 7.10371000e+08 -4.94655000e+01
 7.26752000e+08 -4.96598000e+01
 7.43511000e+08 -4.98543000e+01
 7.60656000e+08 -5.00489000e+01
 7.78196000e+08 -5.02437000e+01
 7.96141000e+08 -5.04387000e+01
 8.14500000e+08 -5.06337000e+01
 8.33282000e+08 -5.08289000e+01
 8.52497000e+08 -5.10243000e+01
 8.72156000e+08 -5.12197000e+01
 8.92267000e+08 -5.14153000e+01
 9.12843000e+08 -5.16110000e+01
 9.33893000e+08 -5.18068000e+01
 9.55428000e+08 -5.20027000e+01
 9.77460000e+08 -5.21986000e+01
 1.00000000e+09 -5.23947000e+01
