 1.00000000e+05 -1.59468000e-05
 1.02306000e+05 -1.66906000e-05
 1.04665000e+05 -1.74691000e-05
 1.07079000e+05 -1.82839000e-05
 1.09548000e+05 -1.91367000e-05
 1.12074000e+05 -2.00293000e-05
 1.14658000e+05 -2.09634000e-05
 1.17302000e+05 -2.19412000e-05
 1.20007000e+05 -2.29645000e-05
 1.22775000e+05 -2.40356000e-05
 1.25606000e+05 -2.51566000e-05
 1.28502000e+05 -2.63299000e-05
 1.31466000e+05 -2.75578000e-05
 1.34497000e+05 -2.88431000e-05
 1.37599000e+05 -3.01882000e-05
 1.40772000e+05 -3.15961000e-05
 1.44018000e+05 -3.30696000e-05
 1.47339000e+05 -3.46118000e-05
 1.50736000e+05 -3.62259000e-05
 1.54212000e+05 -3.79152000e-05
 1.57768000e+05 -3.96833000e-05
 1.61406000e+05 -4.15337000e-05
 1.65128000e+05 -4.34705000e-05
 1.68936000e+05 -4.54975000e-05
 1.72832000e+05 -4.76190000e-05
 1.76817000e+05 -4.98393000e-05
 1.80895000e+05 -5.21631000e-05
 1.85066000e+05 -5.45953000e-05
 1.89334000e+05 -5.71407000e-05
 1.93700000e+05 -5.98048000e-05
 1.98166000e+05 -6.25929000e-05
 2.02736000e+05 -6.55110000e-05
 2.07411000e+05 -6.85651000e-05
 2.12194000e+05 -7.17613000e-05
 2.17087000e+05 -7.51065000e-05
 2.22093000e+05 -7.86075000e-05
 2.27214000e+05 -8.22716000e-05
 2.32454000e+05 -8.61063000e-05
 2.37814000e+05 -9.01195000e-05
 2.43298000e+05 -9.43197000e-05
 2.48908000e+05 -9.87153000e-05
 2.54648000e+05 -1.03316000e-04
 2.60520000e+05 -1.08130000e-04
 2.66528000e+05 -1.13169000e-04
 2.72674000e+05 -1.18442000e-04
 2.78962000e+05 -1.23960000e-04
 2.85394000e+05 -1.29735000e-04
 2.91976000e+05 -1.35779000e-04
 2.98708000e+05 -1.42104000e-04
 3.05597000e+05 -1.48724000e-04
 3.12644000e+05 -1.55651000e-04
 3.19853000e+05 -1.62900000e-04
 3.27229000e+05 -1.70486000e-04
 3.34775000e+05 -1.78425000e-04
 3.42494000e+05 -1.86733000e-04
 3.50392000e+05 -1.95427000e-04
 3.58472000e+05 -2.04525000e-04
 3.66738000e+05 -2.14045000e-04
 3.75195000e+05 -2.24008000e-04
 3.83847000e+05 -2.34433000e-04
 3.92699000e+05 -2.45342000e-04
 4.01754000e+05 -2.56757000e-04
 4.11019000e+05 -2.68702000e-04
 4.20496000e+05 -2.81201000e-04
 4.30193000e+05 -2.94280000e-04
 4.40113000e+05 -3.07965000e-04
 4.50262000e+05 -3.22285000e-04
 4.60645000e+05 -3.37268000e-04
 4.71267000e+05 -3.52945000e-04
 4.82135000e+05 -3.69348000e-04
 4.93253000e+05 -3.86510000e-04
 5.04627000e+05 -4.04466000e-04
 5.16263000e+05 -4.23253000e-04
 5.28168000e+05 -4.42908000e-04
 5.40348000e+05 -4.63472000e-04
 5.52808000e+05 -4.84986000e-04
 5.65556000e+05 -5.07493000e-04
 5.78597000e+05 -5.31039000e-04
 5.91939000e+05 -5.55671000e-04
 6.05589000e+05 -5.81438000e-04
 6.19554000e+05 -6.08393000e-04
 6.33841000e+05 -6.36590000e-04
 6.48457000e+05 -6.66084000e-04
 6.63410000e+05 -6.96934000e-04
 6.78708000e+05 -7.29202000e-04
 6.94359000e+05 -7.62953000e-04
 7.10371000e+05 -7.98252000e-04
 7.26752000e+05 -8.35170000e-04
 7.43511000e+05 -8.73780000e-04
 7.60656000e+05 -9.14158000e-04
 7.78196000e+05 -9.56383000e-04
 7.96141000e+05 -1.00054000e-03
 8.14500000e+05 -1.04671000e-03
 8.33282000e+05 -1.09498000e-03
 8.52497000e+05 -1.14546000e-03
 8.72156000e+05 -1.19823000e-03
 8.92267000e+05 -1.25340000e-03
 9.12843000e+05 -1.31108000e-03
 9.33893000e+05 -1.37137000e-03
 9.55428000e+05 -1.43439000e-03
 9.77460000e+05 -1.50026000e-03
 1.00000000e+06 -1.56910000e-03
 1.02306000e+06 -1.64105000e-03
 1.04665000e+06 -1.71623000e-03
 1.07079000e+06 -1.79479000e-03
 1.09548000e+06 -1.87688000e-03
 1.12074000e+06 -1.96263000e-03
 1.14658000e+06 -2.05222000e-03
 1.17302000e+06 -2.14580000e-03
 1.20007000e+06 -2.24354000e-03
 1.22775000e+06 -2.34561000e-03
 1.25606000e+06 -2.45220000e-03
 1.28502000e+06 -2.56350000e-03
 1.31466000e+06 -2.67969000e-03
 1.34497000e+06 -2.80098000e-03
 1.37599000e+06 -2.92759000e-03
 1.40772000e+06 -3.05971000e-03
 1.44018000e+06 -3.19758000e-03
 1.47339000e+06 -3.34141000e-03
 1.50736000e+06 -3.49146000e-03
 1.54212000e+06 -3.64795000e-03
 1.57768000e+06 -3.81115000e-03
 1.61406000e+06 -3.98130000e-03
 1.65128000e+06 -4.15867000e-03
 1.68936000e+06 -4.34352000e-03
 1.72832000e+06 -4.53614000e-03
 1.76817000e+06 -4.73681000e-03
 1.80895000e+06 -4.94581000e-03
 1.85066000e+06 -5.16344000e-03
 1.89334000e+06 -5.39000000e-03
 1.93700000e+06 -5.62579000e-03
 1.98166000e+06 -5.87111000e-03
 2.02736000e+06 -6.12628000e-03
 2.07411000e+06 -6.39160000e-03
 2.12194000e+06 -6.66740000e-03
 2.17087000e+06 -6.95398000e-03
 2.22093000e+06 -7.25166000e-03
 2.27214000e+06 -7.56074000e-03
 2.32454000e+06 -7.88154000e-03
 2.37814000e+06 -8.21435000e-03
 2.43298000e+06 -8.55946000e-03
 2.48908000e+06 -8.91716000e-03
 2.54648000e+06 -9.28771000e-03
 2.60520000e+06 -9.67138000e-03
 2.66528000e+06 -1.00684000e-02
 2.72674000e+06 -1.04790000e-02
 2.78962000e+06 -1.09033000e-02
 2.85394000e+06 -1.13415000e-02
 2.91976000e+06 -1.17938000e-02
 2.98708000e+06 -1.22602000e-02
 3.05597000e+06 -1.27408000e-02
 3.12644000e+06 -1.32356000e-02
 3.19853000e+06 -1.37444000e-02
 3.27229000e+06 -1.42673000e-02
 3.34775000e+06 -1.48040000e-02
 3.42494000e+06 -1.53542000e-02
 3.50392000e+06 -1.59176000e-02
 3.58472000e+06 -1.64937000e-02
 3.66738000e+06 -1.70821000e-02
 3.75195000e+06 -1.76820000e-02
 3.83847000e+06 -1.82927000e-02
 3.92699000e+06 -1.89132000e-02
 4.01754000e+06 -1.95425000e-02
 4.11019000e+06 -2.01793000e-02
 4.20496000e+06 -2.08224000e-02
 4.30193000e+06 -2.14700000e-02
 4.40113000e+06 -2.21204000e-02
 4.50262000e+06 -2.27717000e-02
 4.60645000e+06 -2.34215000e-02
 4.71267000e+06 -2.40675000e-02
 4.82135000e+06 -2.47070000e-02
 4.93253000e+06 -2.53368000e-02
 5.04627000e+06 -2.59539000e-02
 5.16263000e+06 -2.65546000e-02
 5.28168000e+06 -2.71351000e-02
 5.40348000e+06 -2.76911000e-02
 5.52808000e+06 -2.82183000e-02
 5.65556000e+06 -2.87118000e-02
 5.78597000e+06 -2.91665000e-02
 5.91939000e+06 -2.95770000e-02
 6.05589000e+06 -2.99376000e-02
 6.19554000e+06 -3.02421000e-02
 6.33841000e+06 -3.04845000e-02
 6.48457000e+06 -3.06583000e-02
 6.63410000e+06 -3.07567000e-02
 6.78708000e+06 -3.07732000e-02
 6.94359000e+06 -3.07010000e-02
 7.10371000e+06 -3.05335000e-02
 7.26752000e+06 -3.02642000e-02
 7.43511000e+06 -2.98870000e-02
 7.60656000e+06 -2.93963000e-02
 7.78196000e+06 -2.87872000e-02
 7.96141000e+06 -2.80558000e-02
 8.14500000e+06 -2.71992000e-02
 8.33282000e+06 -2.62162000e-02
 8.52497000e+06 -2.51072000e-02
 8.72156000e+06 -2.38749000e-02
 8.92267000e+06 -2.25246000e-02
 9.12843000e+06 -2.10646000e-02
 9.33893000e+06 -1.95066000e-02
 9.55428000e+06 -1.78664000e-02
 9.77460000e+06 -1.61643000e-02
 1.00000000e+07 -1.44256000e-02
 1.02306000e+07 -1.26809000e-02
 1.04665000e+07 -1.09668000e-02
 1.07079000e+07 -9.32595000e-03
 1.09548000e+07 -7.80729000e-03
 1.12074000e+07 -6.46577000e-03
 1.14658000e+07 -5.36190000e-03
 1.17302000e+07 -4.56087000e-03
 1.20007000e+07 -4.13090000e-03
 1.22775000e+07 -4.14094000e-03
 1.25606000e+07 -4.65739000e-03
 1.28502000e+07 -5.73967000e-03
 1.31466000e+07 -7.43435000e-03
 1.34497000e+07 -9.76782000e-03
 1.37599000e+07 -1.27372000e-02
 1.40772000e+07 -1.62994000e-02
 1.44018000e+07 -2.03593000e-02
 1.47339000e+07 -2.47556000e-02
 1.50736000e+07 -2.92491000e-02
 1.54212000e+07 -3.35114000e-02
 1.57768000e+07 -3.71221000e-02
 1.61406000e+07 -3.95782000e-02
 1.65128000e+07 -4.03300000e-02
 1.68936000e+07 -3.88601000e-02
 1.72832000e+07 -3.48397000e-02
 1.76817000e+07 -2.84127000e-02
 1.80895000e+07 -2.06935000e-02
 1.85066000e+07 -1.46095000e-02
 1.89334000e+07 -1.62847000e-02
 1.93700000e+07 -3.72103000e-02
 1.98166000e+07 -9.73932000e-02
 2.02736000e+07 -2.29269000e-01
 2.07411000e+07 -4.80950000e-01
 2.12194000e+07 -9.15163000e-01
 2.17087000e+07 -1.59862000e+00
 2.22093000e+07 -2.58066000e+00
 2.27214000e+07 -3.87183000e+00
 2.32454000e+07 -5.43992000e+00
 2.37814000e+07 -7.22729000e+00
 2.43298000e+07 -9.17443000e+00
 2.48908000e+07 -1.12351000e+01
 2.54648000e+07 -1.33805000e+01
 2.60520000e+07 -1.55979000e+01
 2.66528000e+07 -1.78872000e+01
 2.72674000e+07 -2.02591000e+01
 2.78962000e+07 -2.27343000e+01
 2.85394000e+07 -2.53458000e+01
 2.91976000e+07 -2.81441000e+01
 2.98708000e+07 -3.12094000e+01
 3.05597000e+07 -3.46789000e+01
 3.12644000e+07 -3.88216000e+01
 3.19853000e+07 -4.42944000e+01
 3.27229000e+07 -5.37193000e+01
 3.34775000e+07 -6.06593000e+01
 3.42494000e+07 -5.02409000e+01
 3.50392000e+07 -4.68276000e+01
 3.58472000e+07 -4.51830000e+01
 3.66738000e+07 -4.43845000e+01
 3.75195000e+07 -4.41006000e+01
 3.83847000e+07 -4.41791000e+01
 3.92699000e+07 -4.45432000e+01
 4.01754000e+07 -4.51553000e+01
 4.11019000e+07 -4.60037000e+01
 4.20496000e+07 -4.70988000e+01
 4.30193000e+07 -4.84755000e+01
 4.40113000e+07 -5.02063000e+01
 4.50262000e+07 -5.24324000e+01
 4.60645000e+07 -5.54553000e+01
 4.71267000e+07 -6.00785000e+01
 4.82135000e+07 -7.02144000e+01
 4.93253000e+07 -6.90235000e+01
 5.04627000e+07 -6.00744000e+01
 5.16263000e+07 -5.59125000e+01
 5.28168000e+07 -5.32314000e+01
 5.40348000e+07 -5.12873000e+01
 5.52808000e+07 -4.97878000e+01
 5.65556000e+07 -4.85870000e+01
 5.78597000e+07 -4.76014000e+01
 5.91939000e+07 -4.67786000e+01
 6.05589000e+07 -4.60832000e+01
 6.19554000e+07 -4.54906000e+01
 6.33841000e+07 -4.49825000e+01
 6.48457000e+07 -4.45452000e+01
 6.63410000e+07 -4.41681000e+01
 6.78708000e+07 -4.38427000e+01
 6.94359000e+07 -4.35623000e+01
 7.10371000e+07 -4.33213000e+01
 7.26752000e+07 -4.31152000e+01
 7.43511000e+07 -4.29399000e+01
 7.60656000e+07 -4.27923000e+01
 7.78196000e+07 -4.26696000e+01
 7.96141000e+07 -4.25693000e+01
 8.14500000e+07 -4.24893000e+01
 8.33282000e+07 -4.24279000e+01
 8.52497000e+07 -4.23834000e+01
 8.72156000e+07 -4.23543000e+01
 8.92267000e+07 -4.23395000e+01
 9.12843000e+07 -4.23378000e+01
 9.33893000e+07 -4.23481000e+01
 9.55428000e+07 -4.23696000e+01
 9.77460000e+07 -4.24015000e+01
 1.00000000e+08 -4.24430000e+01
 1.02306000e+08 -4.24934000e+01
 1.04665000e+08 -4.25521000e+01
 1.07079000e+08 -4.26186000e+01
 1.09548000e+08 -4.26923000e+01
 1.12074000e+08 -4.27728000e+01
 1.14658000e+08 -4.28597000e+01
 1.17302000e+08 -4.29525000e+01
 1.20007000e+08 -4.30508000e+01
 1.22775000e+08 -4.31544000e+01
 1.25606000e+08 -4.32630000e+01
 1.28502000e+08 -4.33761000e+01
 1.31466000e+08 -4.34937000e+01
 1.34497000e+08 -4.36153000e+01
 1.37599000e+08 -4.37408000e+01
 1.40772000e+08 -4.38700000e+01
 1.44018000e+08 -4.40026000e+01
 1.47339000e+08 -4.41384000e+01
 1.50736000e+08 -4.42774000e+01
 1.54212000e+08 -4.44193000e+01
 1.57768000e+08 -4.45639000e+01
 1.61406000e+08 -4.47111000e+01
 1.65128000e+08 -4.48608000e+01
 1.68936000e+08 -4.50129000e+01
 1.72832000e+08 -4.51672000e+01
 1.76817000e+08 -4.53235000e+01
 1.80895000e+08 -4.54819000e+01
 1.85066000e+08 -4.56422000e+01
 1.89334000e+08 -4.58042000e+01
 1.93700000e+08 -4.59680000e+01
 1.98166000e+08 -4.61334000e+01
 2.02736000e+08 -4.63003000e+01
 2.07411000e+08 -4.64687000e+01
 2.12194000e+08 -4.66385000e+01
 2.17087000e+08 -4.68096000e+01
 2.22093000e+08 -4.69820000e+01
 2.27214000e+08 -4.71555000e+01
 2.32454000e+08 -4.73302000e+01
 2.37814000e+08 -4.75060000e+01
 2.43298000e+08 -4.76828000e+01
 2.48908000e+08 -4.78606000e+01
 2.54648000e+08 -4.80394000e+01
 2.60520000e+08 -4.82190000e+01
 2.66528000e+08 -4.83995000e+01
 2.72674000e+08 -4.85807000e+01
 2.78962000e+08 -4.87628000e+01
 2.85394000e+08 -4.89456000e+01
 2.91976000e+08 -4.91290000e+01
 2.98708000e+08 -4.93132000e+01
 3.05597000e+08 -4.94979000e+01
 3.12644000e+08 -4.96833000e+01
 3.19853000e+08 -4.98693000e+01
 3.27229000e+08 -5.00558000e+01
 3.34775000e+08 -5.02428000e+01
 3.42494000e+08 -5.04304000e+01
 3.50392000e+08 -5.06184000e+01
 3.58472000e+08 -5.08068000e+01
 3.66738000e+08 -5.09957000e+01
 3.75195000e+08 -5.11850000e+01
 3.83847000e+08 -5.13747000e+01
 3.92699000e+08 -5.15648000e+01
 4.01754000e+08 -5.17552000e+01
 4.11019000e+08 -5.19460000e+01
 4.20496000e+08 -5.21371000e+01
 4.30193000e+08 -5.23285000e+01
 4.40113000e+08 -5.25203000e+01
 4.50262000e+08 -5.27123000e+01
 4.60645000e+08 -5.29045000e+01
 4.71267000e+08 -5.30971000e+01
 4.82135000e+08 -5.32899000e+01
 4.93253000e+08 -5.34829000e+01
 5.04627000e+08 -5.36761000e+01
 5.16263000e+08 -5.38696000e+01
 5.28168000e+08 -5.40632000e+01
 5.40348000e+08 -5.42571000e+01
 5.52808000e+08 -5.44511000e+01
 5.65556000e+08 -5.46453000e+01
 5.78597000e+08 -5.48397000e+01
 5.91939000e+08 -5.50343000e+01
 6.05589000e+08 -5.52290000e+01
 6.19554000e+08 -5.54239000e+01
 6.33841000e+08 -5.56189000e+01
 6.48457000e+08 -5.58140000e+01
 6.63410000e+08 -5.60092000e+01
 6.78708000e+08 -5.62046000e+01
 6.94359000e+08 -5.64001000e+01
 7.10371000e+08 -5.65958000e+01
 7.26752000e+08 -5.67915000e+01
 7.43511000e+08 -5.69873000e+01
 7.60656000e+08 -5.71832000e+01
 7.78196000e+08 -5.73793000e+01
 7.96141000e+08 -5.75754000e+01
 8.14500000e+08 -5.77716000e+01
 8.33282000e+08 -5.79678000e+01
 8.52497000e+08 -5.81642000e+01
 8.72156000e+08 -5.83606000e+01
 8.92267000e+08 -5.85571000e+01
 9.12843000e+08 -5.87537000e+01
 9.33893000e+08 -5.89503000e+01
 9.55428000e+08 -5.91470000e+01
 9.77460000e+08 -5.93438000e+01
 1.00000000e+09 -5.95406000e+01
