 1.00000000e+05 -7.89726000e-04
 1.02306000e+05 -8.26072000e-04
 1.04665000e+05 -8.64066000e-04
 1.07079000e+05 -9.03781000e-04
 1.09548000e+05 -9.45293000e-04
 1.12074000e+05 -9.88679000e-04
 1.14658000e+05 -1.03402000e-03
 1.17302000e+05 -1.08141000e-03
 1.20007000e+05 -1.13092000e-03
 1.22775000e+05 -1.18265000e-03
 1.25606000e+05 -1.23670000e-03
 1.28502000e+05 -1.29317000e-03
 1.31466000e+05 -1.35215000e-03
 1.34497000e+05 -1.41376000e-03
 1.37599000e+05 -1.47811000e-03
 1.40772000e+05 -1.54530000e-03
 1.44018000e+05 -1.61546000e-03
 1.47339000e+05 -1.68871000e-03
 1.50736000e+05 -1.76518000e-03
 1.54212000e+05 -1.84500000e-03
 1.57768000e+05 -1.92830000e-03
 1.61406000e+05 -2.01523000e-03
 1.65128000e+05 -2.10592000e-03
 1.68936000e+05 -2.20054000e-03
 1.72832000e+05 -2.29923000e-03
 1.76817000e+05 -2.40215000e-03
 1.80895000e+05 -2.50946000e-03
 1.85066000e+05 -2.62133000e-03
 1.89334000e+05 -2.73793000e-03
 1.93700000e+05 -2.85943000e-03
 1.98166000e+05 -2.98602000e-03
 2.02736000e+05 -3.11788000e-03
 2.07411000e+05 -3.25520000e-03
 2.12194000e+05 -3.39816000e-03
 2.17087000e+05 -3.54696000e-03
 2.22093000e+05 -3.70179000e-03
 2.27214000e+05 -3.86285000e-03
 2.32454000e+05 -4.03034000e-03
 2.37814000e+05 -4.20446000e-03
 2.43298000e+05 -4.38542000e-03
 2.48908000e+05 -4.57341000e-03
 2.54648000e+05 -4.76863000e-03
 2.60520000e+05 -4.97128000e-03
 2.66528000e+05 -5.18155000e-03
 2.72674000e+05 -5.39964000e-03
 2.78962000e+05 -5.62573000e-03
 2.85394000e+05 -5.85999000e-03
 2.91976000e+05 -6.10259000e-03
 2.98708000e+05 -6.35370000e-03
 3.05597000e+05 -6.61345000e-03
 3.12644000e+05 -6.88198000e-03
 3.19853000e+05 -7.15939000e-03
 3.27229000e+05 -7.44579000e-03
 3.34775000e+05 -7.74125000e-03
 3.42494000e+05 -8.04580000e-03
 3.50392000e+05 -8.35947000e-03
 3.58472000e+05 -8.68223000e-03
 3.66738000e+05 -9.01405000e-03
 3.75195000e+05 -9.35481000e-03
 3.83847000e+05 -9.70438000e-03
 3.92699000e+05 -1.00626000e-02
 4.01754000e+05 -1.04291000e-02
 4.11019000e+05 -1.08038000e-02
 4.20496000e+05 -1.11861000e-02
 4.30193000e+05 -1.15757000e-02
 4.40113000e+05 -1.19720000e-02
 4.50262000e+05 -1.23744000e-02
 4.60645000e+05 -1.27821000e-02
 4.71267000e+05 -1.31945000e-02
 4.82135000e+05 -1.36105000e-02
 4.93253000e+05 -1.40292000e-02
 5.04627000e+05 -1.44493000e-02
 5.16263000e+05 -1.48695000e-02
 5.28168000e+05 -1.52885000e-02
 5.40348000e+05 -1.57045000e-02
 5.52808000e+05 -1.61160000e-02
 5.65556000e+05 -1.65209000e-02
 5.78597000e+05 -1.69171000e-02
 5.91939000e+05 -1.73025000e-02
 6.05589000e+05 -1.76745000e-02
 6.19554000e+05 -1.80306000e-02
 6.33841000e+05 -1.83678000e-02
 6.48457000e+05 -1.86833000e-02
 6.63410000e+05 -1.89738000e-02
 6.78708000e+05 -1.92359000e-02
 6.94359000e+05 -1.94662000e-02
 7.10371000e+05 -1.96609000e-02
 7.26752000e+05 -1.98163000e-02
 7.43511000e+05 -1.99285000e-02
 7.60656000e+05 -1.99936000e-02
 7.78196000e+05 -2.00075000e-02
 7.96141000e+05 -1.99663000e-02
 8.14500000e+05 -1.98661000e-02
 8.33282000e+05 -1.97032000e-02
 8.52497000e+05 -1.94742000e-02
 8.72156000e+05 -1.91759000e-02
 8.92267000e+05 -1.88057000e-02
 9.12843000e+05 -1.83614000e-02
 9.33893000e+05 -1.78417000e-02
 9.55428000e+05 -1.72459000e-02
 9.77460000e+05 -1.65747000e-02
 1.00000000e+06 -1.58296000e-02
 1.02306000e+06 -1.50138000e-02
 1.04665000e+06 -1.41319000e-02
 1.07079000e+06 -1.31904000e-02
 1.09548000e+06 -1.21976000e-02
 1.12074000e+06 -1.11639000e-02
 1.14658000e+06 -1.01022000e-02
 1.17302000e+06 -9.02749000e-03
 1.20007000e+06 -7.95708000e-03
 1.22775000e+06 -6.91061000e-03
 1.25606000e+06 -5.90971000e-03
 1.28502000e+06 -4.97762000e-03
 1.31466000e+06 -4.13863000e-03
 1.34497000e+06 -3.41725000e-03
 1.37599000e+06 -2.83701000e-03
 1.40772000e+06 -2.41902000e-03
 1.44018000e+06 -2.18006000e-03
 1.47339000e+06 -2.13038000e-03
 1.50736000e+06 -2.27100000e-03
 1.54212000e+06 -2.59079000e-03
 1.57768000e+06 -3.06349000e-03
 1.61406000e+06 -3.64484000e-03
 1.65128000e+06 -4.27065000e-03
 1.68936000e+06 -4.85660000e-03
 1.72832000e+06 -5.30126000e-03
 1.76817000e+06 -5.49481000e-03
 1.80895000e+06 -5.33687000e-03
 1.85066000e+06 -4.76895000e-03
 1.89334000e+06 -3.82957000e-03
 1.93700000e+06 -2.74417000e-03
 1.98166000e+06 -2.06768000e-03
 2.02736000e+06 -2.90520000e-03
 2.07411000e+06 -7.24684000e-03
 2.12194000e+06 -1.84632000e-02
 2.17087000e+06 -4.20157000e-02
 2.22093000e+06 -8.64256000e-02
 2.27214000e+06 -1.64490000e-01
 2.32454000e+06 -2.94586000e-01
 2.37814000e+06 -5.01593000e-01
 2.43298000e+06 -8.16545000e-01
 2.48908000e+06 -1.27380000e+00
 2.54648000e+06 -1.90502000e+00
 2.60520000e+06 -2.73119000e+00
 2.66528000e+06 -3.75618000e+00
 2.72674000e+06 -4.96577000e+00
 2.78962000e+06 -6.33278000e+00
 2.85394000e+06 -7.82517000e+00
 2.91976000e+06 -9.41299000e+00
 2.98708000e+06 -1.10722000e+01
 3.05597000e+06 -1.27860000e+01
 3.12644000e+06 -1.45439000e+01
 3.19853000e+06 -1.63412000e+01
 3.27229000e+06 -1.81773000e+01
 3.34775000e+06 -2.00555000e+01
 3.42494000e+06 -2.19823000e+01
 3.50392000e+06 -2.39679000e+01
 3.58472000e+06 -2.60260000e+01
 3.66738000e+06 -2.81758000e+01
 3.75195000e+06 -3.04436000e+01
 3.83847000e+06 -3.28675000e+01
 3.92699000e+06 -3.55045000e+01
 4.01754000e+06 -3.84468000e+01
 4.11019000e+06 -4.18583000e+01
 4.20496000e+06 -4.60797000e+01
 4.30193000e+06 -5.20369000e+01
 4.40113000e+06 -6.49054000e+01
 4.50262000e+06 -6.06825000e+01
 4.60645000e+06 -5.37458000e+01
 4.71267000e+06 -5.07942000e+01
 4.82135000e+06 -4.91875000e+01
 4.93253000e+06 -4.82716000e+01
 5.04627000e+06 -4.77829000e+01
 5.16263000e+06 -4.75897000e+01
 5.28168000e+06 -4.76180000e+01
 5.40348000e+06 -4.78233000e+01
 5.52808000e+06 -4.81780000e+01
 5.65556000e+06 -4.86655000e+01
 5.78597000e+06 -4.92767000e+01
 5.91939000e+06 -5.00089000e+01
 6.05589000e+06 -5.08651000e+01
 6.19554000e+06 -5.18544000e+01
 6.33841000e+06 -5.29936000e+01
 6.48457000e+06 -5.43102000e+01
 6.63410000e+06 -5.58483000e+01
 6.78708000e+06 -5.76810000e+01
 6.94359000e+06 -5.99368000e+01
 7.10371000e+06 -6.28718000e+01
 7.26752000e+06 -6.71125000e+01
 7.43511000e+06 -7.51044000e+01
 7.60656000e+06 -8.23249000e+01
 7.78196000e+06 -7.00261000e+01
 7.96141000e+06 -6.53466000e+01
 8.14500000e+06 -6.24796000e+01
 8.33282000e+06 -6.04520000e+01
 8.52497000e+06 -5.89120000e+01
 8.72156000e+06 -5.76918000e+01
 8.92267000e+06 -5.66980000e+01
 9.12843000e+06 -5.58733000e+01
 9.33893000e+06 -5.51796000e+01
 9.55428000e+06 -5.45907000e+01
 9.77460000e+06 -5.40875000e+01
 1.00000000e+07 -5.36556000e+01
 1.02306000e+07 -5.32841000e+01
 1.04665000e+07 -5.29643000e+01
 1.07079000e+07 -5.26893000e+01
 1.09548000e+07 -5.24535000e+01
 1.12074000e+07 -5.22523000e+01
 1.14658000e+07 -5.20816000e+01
 1.17302000e+07 -5.19383000e+01
 1.20007000e+07 -5.18196000e+01
 1.22775000e+07 -5.17230000e+01
 1.25606000e+07 -5.16465000e+01
 1.28502000e+07 -5.15882000e+01
 1.31466000e+07 -5.15466000e+01
 1.34497000e+07 -5.15203000e+01
 1.37599000e+07 -5.15079000e+01
 1.40772000e+07 -5.15085000e+01
 1.44018000e+07 -5.15209000e+01
 1.47339000e+07 -5.15444000e+01
 1.50736000e+07 -5.15780000e+01
 1.54212000e+07 -5.16211000e+01
 1.57768000e+07 -5.16730000e+01
 1.61406000e+07 -5.17331000e+01
 1.65128000e+07 -5.18008000e+01
 1.68936000e+07 -5.18757000e+01
 1.72832000e+07 -5.19573000e+01
 1.76817000e+07 -5.20451000e+01
 1.80895000e+07 -5.21388000e+01
 1.85066000e+07 -5.22380000e+01
 1.89334000e+07 -5.23424000e+01
 1.93700000e+07 -5.24517000e+01
 1.98166000e+07 -5.25655000e+01
 2.02736000e+07 -5.26836000e+01
 2.07411000e+07 -5.28058000e+01
 2.12194000e+07 -5.29318000e+01
 2.17087000e+07 -5.30615000e+01
 2.22093000e+07 -5.31945000e+01
 2.27214000e+07 -5.33308000e+01
 2.32454000e+07 -5.34701000e+01
 2.37814000e+07 -5.36123000e+01
 2.43298000e+07 -5.37573000e+01
 2.48908000e+07 -5.39048000e+01
 2.54648000e+07 -5.40548000e+01
 2.60520000e+07 -5.42071000e+01
 2.66528000e+07 -5.43616000e+01
 2.72674000e+07 -5.45182000e+01
 2.78962000e+07 -5.46768000e+01
 2.85394000e+07 -5.48373000e+01
 2.91976000e+07 -5.49995000e+01
 2.98708000e+07 -5.51634000e+01
 3.05597000e+07 -5.53290000e+01
 3.12644000e+07 -5.54961000e+01
 3.19853000e+07 -5.56646000e+01
 3.27229000e+07 -5.58345000e+01
 3.34775000e+07 -5.60057000e+01
 3.42494000e+07 -5.61782000e+01
 3.50392000e+07 -5.63519000e+01
 3.58472000e+07 -5.65267000e+01
 3.66738000e+07 -5.67025000e+01
 3.75195000e+07 -5.68794000e+01
 3.83847000e+07 -5.70573000e+01
 3.92699000e+07 -5.72361000e+01
 4.01754000e+07 -5.74158000e+01
 4.11019000e+07 -5.75964000e+01
 4.20496000e+07 -5.77777000e+01
 4.30193000e+07 -5.79598000e+01
 4.40113000e+07 -5.81426000e+01
 4.50262000e+07 -5.83262000e+01
 4.60645000e+07 -5.85103000e+01
 4.71267000e+07 -5.86952000e+01
 4.82135000e+07 -5.88806000e+01
 4.93253000e+07 -5.90666000e+01
 5.04627000e+07 -5.92531000e+01
 5.16263000e+07 -5.94402000e+01
 5.28168000e+07 -5.96278000e+01
 5.40348000e+07 -5.98158000e+01
 5.52808000e+07 -6.00043000e+01
 5.65556000e+07 -6.01932000e+01
 5.78597000e+07 -6.03826000e+01
 5.91939000e+07 -6.05723000e+01
 6.05589000e+07 -6.07624000e+01
 6.19554000e+07 -6.09528000e+01
 6.33841000e+07 -6.11436000e+01
 6.48457000e+07 -6.13348000e+01
 6.63410000e+07 -6.15262000e+01
 6.78708000e+07 -6.17179000e+01
 6.94359000e+07 -6.19100000e+01
 7.10371000e+07 -6.21023000e+01
 7.26752000e+07 -6.22948000e+01
 7.43511000e+07 -6.24876000e+01
 7.60656000e+07 -6.26806000e+01
 7.78196000e+07 -6.28739000e+01
 7.96141000e+07 -6.30673000e+01
 8.14500000e+07 -6.32610000e+01
 8.33282000e+07 -6.34549000e+01
 8.52497000e+07 -6.36489000e+01
 8.72156000e+07 -6.38432000e+01
 8.92267000e+07 -6.40376000e+01
 9.12843000e+07 -6.42321000e+01
 9.33893000e+07 -6.44268000e+01
 9.55428000e+07 -6.46217000e+01
 9.77460000e+07 -6.48167000e+01
 1.00000000e+08 -6.50119000e+01
 1.02306000e+08 -6.52071000e+01
 1.04665000e+08 -6.54025000e+01
 1.07079000e+08 -6.55980000e+01
 1.09548000e+08 -6.57937000e+01
 1.12074000e+08 -6.59894000e+01
 1.14658000e+08 -6.61852000e+01
 1.17302000e+08 -6.63812000e+01
 1.20007000e+08 -6.65772000e+01
 1.22775000e+08 -6.67733000e+01
 1.25606000e+08 -6.69695000e+01
 1.28502000e+08 -6.71658000e+01
 1.31466000e+08 -6.73621000e+01
 1.34497000e+08 -6.75586000e+01
 1.37599000e+08 -6.77551000e+01
 1.40772000e+08 -6.79517000e+01
 1.44018000e+08 -6.81483000e+01
 1.47339000e+08 -6.83450000e+01
 1.50736000e+08 -6.85417000e+01
 1.54212000e+08 -6.87386000e+01
 1.57768000e+08 -6.89354000e+01
 1.61406000e+08 -6.91323000e+01
 1.65128000e+08 -6.93293000e+01
 1.68936000e+08 -6.95263000e+01
 1.72832000e+08 -6.97234000e+01
 1.76817000e+08 -6.99205000e+01
 1.80895000e+08 -7.01176000e+01
 1.85066000e+08 -7.03148000e+01
 1.89334000e+08 -7.05120000e+01
 1.93700000e+08 -7.07093000e+01
 1.98166000e+08 -7.09066000e+01
 2.02736000e+08 -7.11039000e+01
 2.07411000e+08 -7.13013000e+01
 2.12194000e+08 -7.14986000e+01
 2.17087000e+08 -7.16961000e+01
 2.22093000e+08 -7.18935000e+01
 2.27214000e+08 -7.20910000e+01
 2.32454000e+08 -7.22885000e+01
 2.37814000e+08 -7.24860000e+01
 2.43298000e+08 -7.26835000e+01
 2.48908000e+08 -7.28811000e+01
 2.54648000e+08 -7.30786000e+01
 2.60520000e+08 -7.32762000e+01
 2.66528000e+08 -7.34739000e+01
 2.72674000e+08 -7.36715000e+01
 2.78962000e+08 -7.38691000e+01
 2.85394000e+08 -7.40668000e+01
 2.91976000e+08 -7.42645000e+01
 2.98708000e+08 -7.44622000e+01
 3.05597000e+08 -7.46599000e+01
 3.12644000e+08 -7.48576000e+01
 3.19853000e+08 -7.50554000e+01
 3.27229000e+08 -7.52531000e+01
 3.34775000e+08 -7.54509000e+01
 3.42494000e+08 -7.56487000e+01
 3.50392000e+08 -7.58464000e+01
 3.58472000e+08 -7.60442000e+01
 3.66738000e+08 -7.62421000e+01
 3.75195000e+08 -7.64399000e+01
 3.83847000e+08 -7.66377000e+01
 3.92699000e+08 -7.68355000e+01
 4.01754000e+08 -7.70334000e+01
 4.11019000e+08 -7.72312000e+01
 4.20496000e+08 -7.74291000e+01
 4.30193000e+08 -7.76269000e+01
 4.40113000e+08 -7.78248000e+01
 4.50262000e+08 -7.80227000e+01
 4.60645000e+08 -7.82206000e+01
 4.71267000e+08 -7.84185000e+01
 4.82135000e+08 -7.86164000e+01
 4.93253000e+08 -7.88143000e+01
 5.04627000e+08 -7.90122000e+01
 5.16263000e+08 -7.92101000e+01
 5.28168000e+08 -7.94080000e+01
 5.40348000e+08 -7.96059000e+01
 5.52808000e+08 -7.98039000e+01
 5.65556000e+08 -8.00018000e+01
 5.78597000e+08 -8.01997000e+01
 5.91939000e+08 -8.03977000e+01
 6.05589000e+08 -8.05956000e+01
 6.19554000e+08 -8.07935000e+01
 6.33841000e+08 -8.09915000e+01
 6.48457000e+08 -8.11894000e+01
 6.63410000e+08 -8.13874000e+01
 6.78708000e+08 -8.15854000e+01
 6.94359000e+08 -8.17833000e+01
 7.10371000e+08 -8.19813000e+01
 7.26752000e+08 -8.21792000e+01
 7.43511000e+08 -8.23772000e+01
 7.60656000e+08 -8.25752000e+01
 7.78196000e+08 -8.27732000e+01
 7.96141000e+08 -8.29711000e+01
 8.14500000e+08 -8.31691000e+01
 8.33282000e+08 -8.33671000e+01
 8.52497000e+08 -8.35651000e+01
 8.72156000e+08 -8.37630000e+01
 8.92267000e+08 -8.39610000e+01
 9.12843000e+08 -8.41590000e+01
 9.33893000e+08 -8.43570000e+01
 9.55428000e+08 -8.45550000e+01
 9.77460000e+08 -8.47530000e+01
 1.00000000e+09 -8.49510000e+01
