 1.00000000e+05 -1.08323000e-04
 1.02306000e+05 -1.13374000e-04
 1.04665000e+05 -1.18661000e-04
 1.07079000e+05 -1.24195000e-04
 1.09548000e+05 -1.29986000e-04
 1.12074000e+05 -1.36047000e-04
 1.14658000e+05 -1.42391000e-04
 1.17302000e+05 -1.49030000e-04
 1.20007000e+05 -1.55979000e-04
 1.22775000e+05 -1.63251000e-04
 1.25606000e+05 -1.70863000e-04
 1.28502000e+05 -1.78829000e-04
 1.31466000e+05 -1.87166000e-04
 1.34497000e+05 -1.95892000e-04
 1.37599000e+05 -2.05025000e-04
 1.40772000e+05 -2.14582000e-04
 1.44018000e+05 -2.24585000e-04
 1.47339000e+05 -2.35054000e-04
 1.50736000e+05 -2.46011000e-04
 1.54212000e+05 -2.57477000e-04
 1.57768000e+05 -2.69478000e-04
 1.61406000e+05 -2.82038000e-04
 1.65128000e+05 -2.95182000e-04
 1.68936000e+05 -3.08938000e-04
 1.72832000e+05 -3.23335000e-04
 1.76817000e+05 -3.38401000e-04
 1.80895000e+05 -3.54169000e-04
 1.85066000e+05 -3.70671000e-04
 1.89334000e+05 -3.87941000e-04
 1.93700000e+05 -4.06014000e-04
 1.98166000e+05 -4.24928000e-04
 2.02736000e+05 -4.44721000e-04
 2.07411000e+05 -4.65436000e-04
 2.12194000e+05 -4.87113000e-04
 2.17087000e+05 -5.09798000e-04
 2.22093000e+05 -5.33538000e-04
 2.27214000e+05 -5.58382000e-04
 2.32454000e+05 -5.84379000e-04
 2.37814000e+05 -6.11585000e-04
 2.43298000e+05 -6.40054000e-04
 2.48908000e+05 -6.69846000e-04
 2.54648000e+05 -7.01021000e-04
 2.60520000e+05 -7.33644000e-04
 2.66528000e+05 -7.67780000e-04
 2.72674000e+05 -8.03501000e-04
 2.78962000e+05 -8.40879000e-04
 2.85394000e+05 -8.79990000e-04
 2.91976000e+05 -9.20915000e-04
 2.98708000e+05 -9.63737000e-04
 3.05597000e+05 -1.00854000e-03
 3.12644000e+05 -1.05542000e-03
 3.19853000e+05 -1.10448000e-03
 3.27229000e+05 -1.15580000e-03
 3.34775000e+05 -1.20950000e-03
 3.42494000e+05 -1.26568000e-03
 3.50392000e+05 -1.32446000e-03
 3.58472000e+05 -1.38596000e-03
 3.66738000e+05 -1.45030000e-03
 3.75195000e+05 -1.51761000e-03
 3.83847000e+05 -1.58803000e-03
 3.92699000e+05 -1.66169000e-03
 4.01754000e+05 -1.73876000e-03
 4.11019000e+05 -1.81937000e-03
 4.20496000e+05 -1.90370000e-03
 4.30193000e+05 -1.99191000e-03
 4.40113000e+05 -2.08417000e-03
 4.50262000e+05 -2.18068000e-03
 4.60645000e+05 -2.28162000e-03
 4.71267000e+05 -2.38720000e-03
 4.82135000e+05 -2.49762000e-03
 4.93253000e+05 -2.61310000e-03
 5.04627000e+05 -2.73387000e-03
 5.16263000e+05 -2.86016000e-03
 5.28168000e+05 -2.99223000e-03
 5.40348000e+05 -3.13033000e-03
 5.52808000e+05 -3.27473000e-03
 5.65556000e+05 -3.42572000e-03
 5.78597000e+05 -3.58357000e-03
 5.91939000e+05 -3.74861000e-03
 6.05589000e+05 -3.92114000e-03
 6.19554000e+05 -4.10149000e-03
 6.33841000e+05 -4.29002000e-03
 6.48457000e+05 -4.48707000e-03
 6.63410000e+05 -4.69302000e-03
 6.78708000e+05 -4.90827000e-03
 6.94359000e+05 -5.13320000e-03
 7.10371000e+05 -5.36824000e-03
 7.26752000e+05 -5.61383000e-03
 7.43511000e+05 -5.87041000e-03
 7.60656000e+05 -6.13847000e-03
 7.78196000e+05 -6.41847000e-03
 7.96141000e+05 -6.71094000e-03
 8.14500000e+05 -7.01640000e-03
 8.33282000e+05 -7.33538000e-03
 8.52497000e+05 -7.66846000e-03
 8.72156000e+05 -8.01621000e-03
 8.92267000e+05 -8.37924000e-03
 9.12843000e+05 -8.75818000e-03
 9.33893000e+05 -9.15367000e-03
 9.55428000e+05 -9.56637000e-03
 9.77460000e+05 -9.99698000e-03
 1.00000000e+06 -1.04462000e-02
 1.02306000e+06 -1.09148000e-02
 1.04665000e+06 -1.14034000e-02
 1.07079000e+06 -1.19129000e-02
 1.09548000e+06 -1.24441000e-02
 1.12074000e+06 -1.29978000e-02
 1.14658000e+06 -1.35748000e-02
 1.17302000e+06 -1.41759000e-02
 1.20007000e+06 -1.48021000e-02
 1.22775000e+06 -1.54542000e-02
 1.25606000e+06 -1.61331000e-02
 1.28502000e+06 -1.68398000e-02
 1.31466000e+06 -1.75752000e-02
 1.34497000e+06 -1.83402000e-02
 1.37599000e+06 -1.91358000e-02
 1.40772000e+06 -1.99629000e-02
 1.44018000e+06 -2.08226000e-02
 1.47339000e+06 -2.17157000e-02
 1.50736000e+06 -2.26433000e-02
 1.54212000e+06 -2.36062000e-02
 1.57768000e+06 -2.46055000e-02
 1.61406000e+06 -2.56420000e-02
 1.65128000e+06 -2.67166000e-02
 1.68936000e+06 -2.78302000e-02
 1.72832000e+06 -2.89836000e-02
 1.76817000e+06 -3.01777000e-02
 1.80895000e+06 -3.14130000e-02
 1.85066000e+06 -3.26902000e-02
 1.89334000e+06 -3.40100000e-02
 1.93700000e+06 -3.53729000e-02
 1.98166000e+06 -3.67791000e-02
 2.02736000e+06 -3.82290000e-02
 2.07411000e+06 -3.97226000e-02
 2.12194000e+06 -4.12601000e-02
 2.17087000e+06 -4.28412000e-02
 2.22093000e+06 -4.44655000e-02
 2.27214000e+06 -4.61324000e-02
 2.32454000e+06 -4.78413000e-02
 2.37814000e+06 -4.95909000e-02
 2.43298000e+06 -5.13800000e-02
 2.48908000e+06 -5.32070000e-02
 2.54648000e+06 -5.50698000e-02
 2.60520000e+06 -5.69661000e-02
 2.66528000e+06 -5.88933000e-02
 2.72674000e+06 -6.08480000e-02
 2.78962000e+06 -6.28267000e-02
 2.85394000e+06 -6.48253000e-02
 2.91976000e+06 -6.68391000e-02
 2.98708000e+06 -6.88629000e-02
 3.05597000e+06 -7.08908000e-02
 3.12644000e+06 -7.29163000e-02
 3.19853000e+06 -7.49322000e-02
 3.27229000e+06 -7.69306000e-02
 3.34775000e+06 -7.89029000e-02
 3.42494000e+06 -8.08396000e-02
 3.50392000e+06 -8.27304000e-02
 3.58472000e+06 -8.45643000e-02
 3.66738000e+06 -8.63292000e-02
 3.75195000e+06 -8.80124000e-02
 3.83847000e+06 -8.96002000e-02
 3.92699000e+06 -9.10779000e-02
 4.01754000e+06 -9.24304000e-02
 4.11019000e+06 -9.36413000e-02
 4.20496000e+06 -9.46939000e-02
 4.30193000e+06 -9.55707000e-02
 4.40113000e+06 -9.62536000e-02
 4.50262000e+06 -9.67243000e-02
 4.60645000e+06 -9.69641000e-02
 4.71267000e+06 -9.69545000e-02
 4.82135000e+06 -9.66771000e-02
 4.93253000e+06 -9.61141000e-02
 5.04627000e+06 -9.52488000e-02
 5.16263000e+06 -9.40656000e-02
 5.28168000e+06 -9.25508000e-02
 5.40348000e+06 -9.06931000e-02
 5.52808000e+06 -8.84841000e-02
 5.65556000e+06 -8.59189000e-02
 5.78597000e+06 -8.29971000e-02
 5.91939000e+06 -7.97231000e-02
 6.05589000e+06 -7.61073000e-02
 6.19554000e+06 -7.21669000e-02
 6.33841000e+06 -6.79263000e-02
 6.48457000e+06 -6.34180000e-02
 6.63410000e+06 -5.86834000e-02
 6.78708000e+06 -5.37731000e-02
 6.94359000e+06 -4.87467000e-02
 7.10371000e+06 -4.36729000e-02
 7.26752000e+06 -3.86286000e-02
 7.43511000e+06 -3.36974000e-02
 7.60656000e+06 -2.89670000e-02
 7.78196000e+06 -2.45266000e-02
 7.96141000e+06 -2.04615000e-02
 8.14500000e+06 -1.68483000e-02
 8.33282000e+06 -1.37475000e-02
 8.52497000e+06 -1.11958000e-02
 8.72156000e+06 -9.19796000e-03
 8.92267000e+06 -7.71948000e-03
 9.12843000e+06 -6.68161000e-03
 9.33893000e+06 -5.96293000e-03
 9.55428000e+06 -5.41208000e-03
 9.77460000e+06 -4.88068000e-03
 1.00000000e+07 -4.28964000e-03
 1.02306000e+07 -3.74999000e-03
 1.04665000e+07 -3.77010000e-03
 1.07079000e+07 -5.59773000e-03
 1.09548000e+07 -1.17667000e-02
 1.12074000e+07 -2.69428000e-02
 1.14658000e+07 -5.91777000e-02
 1.17302000e+07 -1.21646000e-01
 1.20007000e+07 -2.34769000e-01
 1.22775000e+07 -4.28195000e-01
 1.25606000e+07 -7.41248000e-01
 1.28502000e+07 -1.21961000e+00
 1.31466000e+07 -1.90637000e+00
 1.34497000e+07 -2.82899000e+00
 1.37599000e+07 -3.98895000e+00
 1.40772000e+07 -5.36146000e+00
 1.44018000e+07 -6.90546000e+00
 1.47339000e+07 -8.57685000e+00
 1.50736000e+07 -1.03378000e+01
 1.54212000e+07 -1.21607000e+01
 1.57768000e+07 -1.40276000e+01
 1.61406000e+07 -1.59287000e+01
 1.65128000e+07 -1.78603000e+01
 1.68936000e+07 -1.98231000e+01
 1.72832000e+07 -2.18213000e+01
 1.76817000e+07 -2.38622000e+01
 1.80895000e+07 -2.59558000e+01
 1.85066000e+07 -2.81153000e+01
 1.89334000e+07 -3.03582000e+01
 1.93700000e+07 -3.27078000e+01
 1.98166000e+07 -3.51959000e+01
 2.02736000e+07 -3.78681000e+01
 2.07411000e+07 -4.07940000e+01
 2.12194000e+07 -4.40884000e+01
 2.17087000e+07 -4.79645000e+01
 2.22093000e+07 -5.28981000e+01
 2.27214000e+07 -6.04143000e+01
 2.32454000e+07 -9.57722000e+01
 2.37814000e+07 -6.29928000e+01
 2.43298000e+07 -5.85876000e+01
 2.48908000e+07 -5.66875000e+01
 2.54648000e+07 -5.58751000e+01
 2.60520000e+07 -5.57184000e+01
 2.66528000e+07 -5.60450000e+01
 2.72674000e+07 -5.67911000e+01
 2.78962000e+07 -5.79622000e+01
 2.85394000e+07 -5.96349000e+01
 2.91976000e+07 -6.20072000e+01
 2.98708000e+07 -6.55837000e+01
 3.05597000e+07 -7.21545000e+01
 3.12644000e+07 -8.85377000e+01
 3.19853000e+07 -6.98450000e+01
 3.27229000e+07 -6.43951000e+01
 3.34775000e+07 -6.11367000e+01
 3.42494000e+07 -5.88398000e+01
 3.50392000e+07 -5.70910000e+01
 3.58472000e+07 -5.56990000e+01
 3.66738000e+07 -5.45591000e+01
 3.75195000e+07 -5.36075000e+01
 3.83847000e+07 -5.28022000e+01
 3.92699000e+07 -5.21140000e+01
 4.01754000e+07 -5.15217000e+01
 4.11019000e+07 -5.10096000e+01
 4.20496000e+07 -5.05654000e+01
 4.30193000e+07 -5.01794000e+01
 4.40113000e+07 -4.98441000e+01
 4.50262000e+07 -4.95529000e+01
 4.60645000e+07 -4.93008000e+01
 4.71267000e+07 -4.90834000e+01
 4.82135000e+07 -4.88969000e+01
 4.93253000e+07 -4.87383000e+01
 5.04627000e+07 -4.86047000e+01
 5.16263000e+07 -4.84939000e+01
 5.28168000e+07 -4.84037000e+01
 5.40348000e+07 -4.83324000e+01
 5.52808000e+07 -4.82784000e+01
 5.65556000e+07 -4.82402000e+01
 5.78597000e+07 -4.82167000e+01
 5.91939000e+07 -4.82065000e+01
 6.05589000e+07 -4.82088000e+01
 6.19554000e+07 -4.82227000e+01
 6.33841000e+07 -4.82472000e+01
 6.48457000e+07 -4.82816000e+01
 6.63410000e+07 -4.83253000e+01
 6.78708000e+07 -4.83777000e+01
 6.94359000e+07 -4.84380000e+01
 7.10371000e+07 -4.85059000e+01
 7.26752000e+07 -4.85809000e+01
 7.43511000e+07 -4.86624000e+01
 7.60656000e+07 -4.87502000e+01
 7.78196000e+07 -4.88437000e+01
 7.96141000e+07 -4.89427000e+01
 8.14500000e+07 -4.90469000e+01
 8.33282000e+07 -4.91559000e+01
 8.52497000e+07 -4.92694000e+01
 8.72156000e+07 -4.93872000e+01
 8.92267000e+07 -4.95091000e+01
 9.12843000e+07 -4.96348000e+01
 9.33893000e+07 -4.97641000e+01
 9.55428000e+07 -4.98969000e+01
 9.77460000e+07 -5.00328000e+01
 1.00000000e+08 -5.01718000e+01
 1.02306000e+08 -5.03137000e+01
 1.04665000e+08 -5.04583000e+01
 1.07079000e+08 -5.06056000e+01
 1.09548000e+08 -5.07552000e+01
 1.12074000e+08 -5.09072000e+01
 1.14658000e+08 -5.10615000e+01
 1.17302000e+08 -5.12178000e+01
 1.20007000e+08 -5.13761000e+01
 1.22775000e+08 -5.15363000e+01
 1.25606000e+08 -5.16982000e+01
 1.28502000e+08 -5.18619000e+01
 1.31466000e+08 -5.20272000e+01
 1.34497000e+08 -5.21941000e+01
 1.37599000e+08 -5.23624000e+01
 1.40772000e+08 -5.25321000e+01
 1.44018000e+08 -5.27031000e+01
 1.47339000e+08 -5.28754000e+01
 1.50736000e+08 -5.30488000e+01
 1.54212000e+08 -5.32234000e+01
 1.57768000e+08 -5.33991000e+01
 1.61406000e+08 -5.35759000e+01
 1.65128000e+08 -5.37536000e+01
 1.68936000e+08 -5.39322000e+01
 1.72832000e+08 -5.41118000e+01
 1.76817000e+08 -5.42921000e+01
 1.80895000e+08 -5.44733000e+01
 1.85066000e+08 -5.46553000e+01
 1.89334000e+08 -5.48380000e+01
 1.93700000e+08 -5.50214000e+01
 1.98166000e+08 -5.52055000e+01
 2.02736000e+08 -5.53902000e+01
 2.07411000e+08 -5.55755000e+01
 2.12194000e+08 -5.57614000e+01
 2.17087000e+08 -5.59478000e+01
 2.22093000e+08 -5.61348000e+01
 2.27214000e+08 -5.63223000e+01
 2.32454000e+08 -5.65102000e+01
 2.37814000e+08 -5.66986000e+01
 2.43298000e+08 -5.68875000e+01
 2.48908000e+08 -5.70767000e+01
 2.54648000e+08 -5.72664000e+01
 2.60520000e+08 -5.74564000e+01
 2.66528000e+08 -5.76468000e+01
 2.72674000e+08 -5.78375000e+01
 2.78962000e+08 -5.80286000e+01
 2.85394000e+08 -5.82200000e+01
 2.91976000e+08 -5.84117000e+01
 2.98708000e+08 -5.86036000e+01
 3.05597000e+08 -5.87959000e+01
 3.12644000e+08 -5.89884000e+01
 3.19853000e+08 -5.91811000e+01
 3.27229000e+08 -5.93741000e+01
 3.34775000e+08 -5.95673000e+01
 3.42494000e+08 -5.97607000e+01
 3.50392000e+08 -5.99543000e+01
 3.58472000e+08 -6.01482000e+01
 3.66738000e+08 -6.03422000e+01
 3.75195000e+08 -6.05364000e+01
 3.83847000e+08 -6.07308000e+01
 3.92699000e+08 -6.09253000e+01
 4.01754000e+08 -6.11200000e+01
 4.11019000e+08 -6.13148000e+01
 4.20496000e+08 -6.15098000e+01
 4.30193000e+08 -6.17049000e+01
 4.40113000e+08 -6.19002000e+01
 4.50262000e+08 -6.20955000e+01
 4.60645000e+08 -6.22910000e+01
 4.71267000e+08 -6.24866000e+01
 4.82135000e+08 -6.26823000e+01
 4.93253000e+08 -6.28781000e+01
 5.04627000e+08 -6.30741000e+01
 5.16263000e+08 -6.32701000e+01
 5.28168000e+08 -6.34662000e+01
 5.40348000e+08 -6.36623000e+01
 5.52808000e+08 -6.38586000e+01
 5.65556000e+08 -6.40549000e+01
 5.78597000e+08 -6.42514000e+01
 5.91939000e+08 -6.44479000e+01
 6.05589000e+08 -6.46444000e+01
 6.19554000e+08 -6.48410000e+01
 6.33841000e+08 -6.50377000e+01
 6.48457000e+08 -6.52345000e+01
 6.63410000e+08 -6.54313000e+01
 6.78708000e+08 -6.56281000e+01
 6.94359000e+08 -6.58250000e+01
 7.10371000e+08 -6.60220000e+01
 7.26752000e+08 -6.62190000e+01
 7.43511000e+08 -6.64160000e+01
 7.60656000e+08 -6.66131000e+01
 7.78196000e+08 -6.68103000e+01
 7.96141000e+08 -6.70075000e+01
 8.14500000e+08 -6.72047000e+01
 8.33282000e+08 -6.74019000e+01
 8.52497000e+08 -6.75992000e+01
 8.72156000e+08 -6.77965000e+01
 8.92267000e+08 -6.79939000e+01
 9.12843000e+08 -6.81912000e+01
 9.33893000e+08 -6.83886000e+01
 9.55428000e+08 -6.85861000e+01
 9.77460000e+08 -6.87835000e+01
 1.00000000e+09 -6.89810000e+01
