 1.00000000e+05 -3.25421000e-04
 1.02306000e+05 -3.40549000e-04
 1.04665000e+05 -3.56378000e-04
 1.07079000e+05 -3.72939000e-04
 1.09548000e+05 -3.90267000e-04
 1.12074000e+05 -4.08397000e-04
 1.14658000e+05 -4.27365000e-04
 1.17302000e+05 -4.47210000e-04
 1.20007000e+05 -4.67972000e-04
 1.22775000e+05 -4.89693000e-04
 1.25606000e+05 -5.12417000e-04
 1.28502000e+05 -5.36190000e-04
 1.31466000e+05 -5.61058000e-04
 1.34497000e+05 -5.87073000e-04
 1.37599000e+05 -6.14287000e-04
 1.40772000e+05 -6.42754000e-04
 1.44018000e+05 -6.72530000e-04
 1.47339000e+05 -7.03676000e-04
 1.50736000e+05 -7.36252000e-04
 1.54212000e+05 -7.70325000e-04
 1.57768000e+05 -8.05961000e-04
 1.61406000e+05 -8.43231000e-04
 1.65128000e+05 -8.82208000e-04
 1.68936000e+05 -9.22970000e-04
 1.72832000e+05 -9.65595000e-04
 1.76817000e+05 -1.01017000e-03
 1.80895000e+05 -1.05678000e-03
 1.85066000e+05 -1.10551000e-03
 1.89334000e+05 -1.15646000e-03
 1.93700000e+05 -1.20973000e-03
 1.98166000e+05 -1.26542000e-03
 2.02736000e+05 -1.32363000e-03
 2.07411000e+05 -1.38449000e-03
 2.12194000e+05 -1.44810000e-03
 2.17087000e+05 -1.51458000e-03
 2.22093000e+05 -1.58407000e-03
 2.27214000e+05 -1.65668000e-03
 2.32454000e+05 -1.73256000e-03
 2.37814000e+05 -1.81185000e-03
 2.43298000e+05 -1.89468000e-03
 2.48908000e+05 -1.98123000e-03
 2.54648000e+05 -2.07163000e-03
 2.60520000e+05 -2.16607000e-03
 2.66528000e+05 -2.26469000e-03
 2.72674000e+05 -2.36769000e-03
 2.78962000e+05 -2.47525000e-03
 2.85394000e+05 -2.58754000e-03
 2.91976000e+05 -2.70478000e-03
 2.98708000e+05 -2.82716000e-03
 3.05597000e+05 -2.95488000e-03
 3.12644000e+05 -3.08817000e-03
 3.19853000e+05 -3.22725000e-03
 3.27229000e+05 -3.37235000e-03
 3.34775000e+05 -3.52370000e-03
 3.42494000e+05 -3.68155000e-03
 3.50392000e+05 -3.84615000e-03
 3.58472000e+05 -4.01776000e-03
 3.66738000e+05 -4.19664000e-03
 3.75195000e+05 -4.38306000e-03
 3.83847000e+05 -4.57730000e-03
 3.92699000e+05 -4.77963000e-03
 4.01754000e+05 -4.99036000e-03
 4.11019000e+05 -5.20978000e-03
 4.20496000e+05 -5.43818000e-03
 4.30193000e+05 -5.67586000e-03
 4.40113000e+05 -5.92314000e-03
 4.50262000e+05 -6.18033000e-03
 4.60645000e+05 -6.44773000e-03
 4.71267000e+05 -6.72566000e-03
 4.82135000e+05 -7.01444000e-03
 4.93253000e+05 -7.31437000e-03
 5.04627000e+05 -7.62577000e-03
 5.16263000e+05 -7.94893000e-03
 5.28168000e+05 -8.28416000e-03
 5.40348000e+05 -8.63175000e-03
 5.52808000e+05 -8.99198000e-03
 5.65556000e+05 -9.36512000e-03
 5.78597000e+05 -9.75141000e-03
 5.91939000e+05 -1.01511000e-02
 6.05589000e+05 -1.05644000e-02
 6.19554000e+05 -1.09915000e-02
 6.33841000e+05 -1.14325000e-02
 6.48457000e+05 -1.18876000e-02
 6.63410000e+05 -1.23569000e-02
 6.78708000e+05 -1.28403000e-02
 6.94359000e+05 -1.33380000e-02
 7.10371000e+05 -1.38498000e-02
 7.26752000e+05 -1.43756000e-02
 7.43511000e+05 -1.49152000e-02
 7.60656000e+05 -1.54684000e-02
 7.78196000e+05 -1.60347000e-02
 7.96141000e+05 -1.66138000e-02
 8.14500000e+05 -1.72051000e-02
 8.33282000e+05 -1.78080000e-02
 8.52497000e+05 -1.84216000e-02
 8.72156000e+05 -1.90450000e-02
 8.92267000e+05 -1.96773000e-02
 9.12843000e+05 -2.03171000e-02
 9.33893000e+05 -2.09631000e-02
 9.55428000e+05 -2.16138000e-02
 9.77460000e+05 -2.22674000e-02
 1.00000000e+06 -2.29218000e-02
 1.02306000e+06 -2.35750000e-02
 1.04665000e+06 -2.42246000e-02
 1.07079000e+06 -2.48678000e-02
 1.09548000e+06 -2.55017000e-02
 1.12074000e+06 -2.61232000e-02
 1.14658000e+06 -2.67288000e-02
 1.17302000e+06 -2.73148000e-02
 1.20007000e+06 -2.78771000e-02
 1.22775000e+06 -2.84113000e-02
 1.25606000e+06 -2.89130000e-02
 1.28502000e+06 -2.93770000e-02
 1.31466000e+06 -2.97983000e-02
 1.34497000e+06 -3.01713000e-02
 1.37599000e+06 -3.04904000e-02
 1.40772000e+06 -3.07496000e-02
 1.44018000e+06 -3.09429000e-02
 1.47339000e+06 -3.10640000e-02
 1.50736000e+06 -3.11066000e-02
 1.54212000e+06 -3.10646000e-02
 1.57768000e+06 -3.09317000e-02
 1.61406000e+06 -3.07020000e-02
 1.65128000e+06 -3.03701000e-02
 1.68936000e+06 -2.99308000e-02
 1.72832000e+06 -2.93800000e-02
 1.76817000e+06 -2.87140000e-02
 1.80895000e+06 -2.79307000e-02
 1.85066000e+06 -2.70293000e-02
 1.89334000e+06 -2.60104000e-02
 1.93700000e+06 -2.48770000e-02
 1.98166000e+06 -2.36342000e-02
 2.02736000e+06 -2.22900000e-02
 2.07411000e+06 -2.08555000e-02
 2.12194000e+06 -1.93453000e-02
 2.17087000e+06 -1.77777000e-02
 2.22093000e+06 -1.61755000e-02
 2.27214000e+06 -1.45662000e-02
 2.32454000e+06 -1.29817000e-02
 2.37814000e+06 -1.14593000e-02
 2.43298000e+06 -1.00407000e-02
 2.48908000e+06 -8.77244000e-03
 2.54648000e+06 -7.70505000e-03
 2.60520000e+06 -6.89189000e-03
 2.66528000e+06 -6.38779000e-03
 2.72674000e+06 -6.24684000e-03
 2.78962000e+06 -6.51954000e-03
 2.85394000e+06 -7.24896000e-03
 2.91976000e+06 -8.46595000e-03
 2.98708000e+06 -1.01833000e-02
 3.05597000e+06 -1.23885000e-02
 3.12644000e+06 -1.50359000e-02
 3.19853000e+06 -1.80377000e-02
 3.27229000e+06 -2.12544000e-02
 3.34775000e+06 -2.44868000e-02
 3.42494000e+06 -2.74695000e-02
 3.50392000e+06 -2.98700000e-02
 3.58472000e+06 -3.12971000e-02
 3.66738000e+06 -3.13264000e-02
 3.75195000e+06 -2.95528000e-02
 3.83847000e+06 -2.56886000e-02
 3.92699000e+06 -1.97335000e-02
 4.01754000e+06 -1.22569000e-02
 4.11019000e+06 -4.85647000e-03
 4.20496000e+06 -8.78770000e-04
 4.30193000e+06 -6.51635000e-03
 4.40113000e+06 -3.23930000e-02
 4.50262000e+06 -9.56581000e-02
 4.60645000e+06 -2.22295000e-01
 4.71267000e+06 -4.48647000e-01
 4.82135000e+06 -8.20100000e-01
 4.93253000e+06 -1.38438000e+00
 5.04627000e+06 -2.17902000e+00
 5.16263000e+06 -3.21794000e+00
 5.28168000e+06 -4.48597000e+00
 5.40348000e+06 -5.94570000e+00
 5.52808000e+06 -7.55123000e+00
 5.65556000e+06 -9.26039000e+00
 5.78597000e+06 -1.10408000e+01
 5.91939000e+06 -1.28710000e+01
 6.05589000e+06 -1.47386000e+01
 6.19554000e+06 -1.66386000e+01
 6.33841000e+06 -1.85713000e+01
 6.48457000e+06 -2.05410000e+01
 6.63410000e+06 -2.25560000e+01
 6.78708000e+06 -2.46277000e+01
 6.94359000e+06 -2.67721000e+01
 7.10371000e+06 -2.90108000e+01
 7.26752000e+06 -3.13733000e+01
 7.43511000e+06 -3.39027000e+01
 7.60656000e+06 -3.66640000e+01
 7.78196000e+06 -3.97646000e+01
 7.96141000e+06 -4.34025000e+01
 8.14500000e+06 -4.80121000e+01
 8.33282000e+06 -5.49260000e+01
 8.52497000e+06 -7.95841000e+01
 8.72156000e+06 -5.85683000e+01
 8.92267000e+06 -5.34230000e+01
 9.12843000e+06 -5.10097000e+01
 9.33893000e+06 -4.96867000e+01
 9.55428000e+06 -4.89624000e+01
 9.77460000e+06 -4.86235000e+01
 1.00000000e+07 -4.85600000e+01
 1.02306000e+07 -4.87093000e+01
 1.04665000e+07 -4.90338000e+01
 1.07079000e+07 -4.95116000e+01
 1.09548000e+07 -5.01311000e+01
 1.12074000e+07 -5.08887000e+01
 1.14658000e+07 -5.17885000e+01
 1.17302000e+07 -5.28428000e+01
 1.20007000e+07 -5.40741000e+01
 1.22775000e+07 -5.55204000e+01
 1.25606000e+07 -5.72451000e+01
 1.28502000e+07 -5.93588000e+01
 1.31466000e+07 -6.20751000e+01
 1.34497000e+07 -6.58864000e+01
 1.37599000e+07 -7.24335000e+01
 1.40772000e+07 -9.49352000e+01
 1.44018000e+07 -7.16304000e+01
 1.47339000e+07 -6.61406000e+01
 1.50736000e+07 -6.29656000e+01
 1.54212000e+07 -6.07727000e+01
 1.57768000e+07 -5.91281000e+01
 1.61406000e+07 -5.78351000e+01
 1.65128000e+07 -5.67872000e+01
 1.68936000e+07 -5.59204000e+01
 1.72832000e+07 -5.51931000e+01
 1.76817000e+07 -5.45765000e+01
 1.80895000e+07 -5.40501000e+01
 1.85066000e+07 -5.35984000e+01
 1.89334000e+07 -5.32099000e+01
 1.93700000e+07 -5.28753000e+01
 1.98166000e+07 -5.25873000e+01
 2.02736000e+07 -5.23399000e+01
 2.07411000e+07 -5.21284000e+01
 2.12194000e+07 -5.19485000e+01
 2.17087000e+07 -5.17969000e+01
 2.22093000e+07 -5.16707000e+01
 2.27214000e+07 -5.15673000e+01
 2.32454000e+07 -5.14846000e+01
 2.37814000e+07 -5.14206000e+01
 2.43298000e+07 -5.13738000e+01
 2.48908000e+07 -5.13427000e+01
 2.54648000e+07 -5.13260000e+01
 2.60520000e+07 -5.13225000e+01
 2.66528000e+07 -5.13311000e+01
 2.72674000e+07 -5.13511000e+01
 2.78962000e+07 -5.13815000e+01
 2.85394000e+07 -5.14216000e+01
 2.91976000e+07 -5.14707000e+01
 2.98708000e+07 -5.15282000e+01
 3.05597000e+07 -5.15936000e+01
 3.12644000e+07 -5.16662000e+01
 3.19853000e+07 -5.17457000e+01
 3.27229000e+07 -5.18315000e+01
 3.34775000e+07 -5.19234000e+01
 3.42494000e+07 -5.20208000e+01
 3.50392000e+07 -5.21236000e+01
 3.58472000e+07 -5.22313000e+01
 3.66738000e+07 -5.23437000e+01
 3.75195000e+07 -5.24604000e+01
 3.83847000e+07 -5.25813000e+01
 3.92699000e+07 -5.27062000e+01
 4.01754000e+07 -5.28347000e+01
 4.11019000e+07 -5.29666000e+01
 4.20496000e+07 -5.31019000e+01
 4.30193000e+07 -5.32403000e+01
 4.40113000e+07 -5.33816000e+01
 4.50262000e+07 -5.35257000e+01
 4.60645000e+07 -5.36724000e+01
 4.71267000e+07 -5.38216000e+01
 4.82135000e+07 -5.39732000e+01
 4.93253000e+07 -5.41270000e+01
 5.04627000e+07 -5.42830000e+01
 5.16263000e+07 -5.44409000e+01
 5.28168000e+07 -5.46008000e+01
 5.40348000e+07 -5.47625000e+01
 5.52808000e+07 -5.49259000e+01
 5.65556000e+07 -5.50909000e+01
 5.78597000e+07 -5.52575000e+01
 5.91939000e+07 -5.54256000e+01
 6.05589000e+07 -5.55951000e+01
 6.19554000e+07 -5.57659000e+01
 6.33841000e+07 -5.59380000e+01
 6.48457000e+07 -5.61113000e+01
 6.63410000e+07 -5.62858000e+01
 6.78708000e+07 -5.64613000e+01
 6.94359000e+07 -5.66379000e+01
 7.10371000e+07 -5.68155000e+01
 7.26752000e+07 -5.69940000e+01
 7.43511000e+07 -5.71734000e+01
 7.60656000e+07 -5.73537000e+01
 7.78196000e+07 -5.75348000e+01
 7.96141000e+07 -5.77166000e+01
 8.14500000e+07 -5.78992000e+01
 8.33282000e+07 -5.80826000e+01
 8.52497000e+07 -5.82665000e+01
 8.72156000e+07 -5.84512000e+01
 8.92267000e+07 -5.86364000e+01
 9.12843000e+07 -5.88222000e+01
 9.33893000e+07 -5.90086000e+01
 9.55428000e+07 -5.91955000e+01
 9.77460000e+07 -5.93829000e+01
 1.00000000e+08 -5.95708000e+01
 1.02306000e+08 -5.97592000e+01
 1.04665000e+08 -5.99480000e+01
 1.07079000e+08 -6.01372000e+01
 1.09548000e+08 -6.03268000e+01
 1.12074000e+08 -6.05168000e+01
 1.14658000e+08 -6.07071000e+01
 1.17302000e+08 -6.08978000e+01
 1.20007000e+08 -6.10888000e+01
 1.22775000e+08 -6.12802000e+01
 1.25606000e+08 -6.14718000e+01
 1.28502000e+08 -6.16638000e+01
 1.31466000e+08 -6.18560000e+01
 1.34497000e+08 -6.20484000e+01
 1.37599000e+08 -6.22411000e+01
 1.40772000e+08 -6.24341000e+01
 1.44018000e+08 -6.26273000e+01
 1.47339000e+08 -6.28207000e+01
 1.50736000e+08 -6.30143000e+01
 1.54212000e+08 -6.32081000e+01
 1.57768000e+08 -6.34021000e+01
 1.61406000e+08 -6.35963000e+01
 1.65128000e+08 -6.37906000e+01
 1.68936000e+08 -6.39851000e+01
 1.72832000e+08 -6.41798000e+01
 1.76817000e+08 -6.43746000e+01
 1.80895000e+08 -6.45696000e+01
 1.85066000e+08 -6.47647000e+01
 1.89334000e+08 -6.49599000e+01
 1.93700000e+08 -6.51553000e+01
 1.98166000e+08 -6.53508000e+01
 2.02736000e+08 -6.55464000e+01
 2.07411000e+08 -6.57421000e+01
 2.12194000e+08 -6.59379000e+01
 2.17087000e+08 -6.61338000e+01
 2.22093000e+08 -6.63298000e+01
 2.27214000e+08 -6.65258000e+01
 2.32454000e+08 -6.67220000e+01
 2.37814000e+08 -6.69183000e+01
 2.43298000e+08 -6.71146000e+01
 2.48908000e+08 -6.73110000e+01
 2.54648000e+08 -6.75075000e+01
 2.60520000e+08 -6.77041000e+01
 2.66528000e+08 -6.79007000e+01
 2.72674000e+08 -6.80973000e+01
 2.78962000e+08 -6.82941000e+01
 2.85394000e+08 -6.84909000e+01
 2.91976000e+08 -6.86877000e+01
 2.98708000e+08 -6.88846000e+01
 3.05597000e+08 -6.90816000e+01
 3.12644000e+08 -6.92786000e+01
 3.19853000e+08 -6.94756000e+01
 3.27229000e+08 -6.96727000e+01
 3.34775000e+08 -6.98699000e+01
 3.42494000e+08 -7.00670000e+01
 3.50392000e+08 -7.02642000e+01
 3.58472000e+08 -7.04615000e+01
 3.66738000e+08 -7.06588000e+01
 3.75195000e+08 -7.08561000e+01
 3.83847000e+08 -7.10534000e+01
 3.92699000e+08 -7.12508000e+01
 4.01754000e+08 -7.14482000e+01
 4.11019000e+08 -7.16456000e+01
 4.20496000e+08 -7.18431000e+01
 4.30193000e+08 -7.20406000e+01
 4.40113000e+08 -7.22381000e+01
 4.50262000e+08 -7.24356000e+01
 4.60645000e+08 -7.26332000e+01
 4.71267000e+08 -7.28307000e+01
 4.82135000e+08 -7.30283000e+01
 4.93253000e+08 -7.32259000e+01
 5.04627000e+08 -7.34236000e+01
 5.16263000e+08 -7.36212000e+01
 5.28168000e+08 -7.38189000e+01
 5.40348000e+08 -7.40165000e+01
 5.52808000e+08 -7.42142000e+01
 5.65556000e+08 -7.44119000e+01
 5.78597000e+08 -7.46097000e+01
 5.91939000e+08 -7.48074000e+01
 6.05589000e+08 -7.50052000e+01
 6.19554000e+08 -7.52029000e+01
 6.33841000e+08 -7.54007000e+01
 6.48457000e+08 -7.55985000e+01
 6.63410000e+08 -7.57963000e+01
 6.78708000e+08 -7.59941000e+01
 6.94359000e+08 -7.61919000e+01
 7.10371000e+08 -7.63897000e+01
 7.26752000e+08 -7.65875000e+01
 7.43511000e+08 -7.67854000e+01
 7.60656000e+08 -7.69832000e+01
 7.78196000e+08 -7.71811000e+01
 7.96141000e+08 -7.73789000e+01
 8.14500000e+08 -7.75768000e+01
 8.33282000e+08 -7.77747000e+01
 8.52497000e+08 -7.79726000e+01
 8.72156000e+08 -7.81705000e+01
 8.92267000e+08 -7.83684000e+01
 9.12843000e+08 -7.85663000e+01
 9.33893000e+08 -7.87642000e+01
 9.55428000e+08 -7.89621000e+01
 9.77460000e+08 -7.91600000e+01
 1.00000000e+09 -7.93579000e+01
