# RF products vs ftx
#
# H-L v2 test PA1 with BN61-202
#
# spot_level = 1000
# drive_level = 55
#
1000000.000000 38.123497 -19.648114 6.185039 -30.834729 -12.320275 -52.914098 -52.639165 -53.278386 -52.826520 -52.872533 -52.945241 -48.768819 -47.485783 -48.529713 -52.313374 -52.951215 -52.746320 -52.626591 
1303030.303030 38.175482 -37.898686 6.742919 -30.260457 -10.197041 -52.647046 -52.660634 -52.835683 -52.296475 -52.830075 -52.175221 -49.054036 -47.607419 -47.268796 -52.310445 -53.144803 -52.902150 -53.058888 
1606060.606061 38.165314 -34.396840 7.051418 -29.983372 -8.437211 -52.351636 -53.142514 -53.205045 -53.481908 -52.795384 -53.679044 -47.932690 -47.916295 -48.618573 -52.438832 -52.794370 -52.824239 -53.053792 
1909090.909091 38.131250 -28.111050 7.337669 -29.951581 -6.941907 -52.992657 -52.914609 -52.432736 -53.527280 -52.494641 -53.107442 -48.618321 -46.869412 -47.113850 -52.712125 -52.888547 -52.309949 -52.793073 
2212121.212121 38.100743 -25.416447 7.644252 -31.010785 -5.603955 -52.526036 -52.755971 -52.632558 -53.546338 -53.022130 -52.992787 -48.327473 -46.395947 -47.631573 -52.576756 -52.106824 -53.000523 -52.302579 
2515151.515152 38.052568 -22.761655 7.954269 -34.170468 -4.480561 -52.182591 -52.933553 -52.724950 -53.206204 -53.642941 -52.941296 -47.825414 -47.419423 -47.349896 -52.121815 -52.730420 -53.243817 -52.584500 
2818181.818182 38.007572 -20.847890 8.286658 -31.324994 -3.563729 -52.150677 -52.986424 -52.967870 -53.011342 -52.184377 -53.001805 -48.760297 -46.731633 -48.194157 -52.388882 -52.903546 -53.471471 -53.310803 
3121212.121212 37.989904 -19.620915 8.604308 -29.391278 -2.581807 -52.105687 -52.340070 -53.196919 -52.844456 -52.978169 -52.662556 -47.994214 -47.670094 -48.564793 -52.571027 -52.571919 -53.015149 -52.749615 
3424242.424242 37.931688 -18.109959 8.900724 -28.972592 -1.831860 -52.066541 -53.002812 -52.589841 -52.930867 -51.444218 -52.784955 -48.254277 -47.715596 -47.805966 -52.534184 -52.199612 -52.655553 -52.965710 
3727272.727273 37.880845 -16.589742 9.250148 -28.912968 -1.059041 -51.311887 -51.478528 -52.929608 -53.355801 -53.106160 -51.930920 -49.023801 -47.834187 -49.026082 -53.067639 -52.403249 -51.929898 -53.527776 
4030303.030303 37.863940 -15.232716 9.543388 -28.719769 -0.370358 -52.646909 -52.807446 -51.808881 -52.615910 -53.114545 -52.685559 -47.872319 -46.837025 -47.736424 -52.741101 -53.169583 -52.633824 -52.697125 
4333333.333333 37.804833 -13.993409 9.842605 -28.695874 0.257808 -52.107457 -51.684445 -53.056584 -52.801869 -52.239026 -52.948796 -47.903958 -47.407101 -47.520978 -52.957043 -52.460950 -53.100819 -52.876988 
4636363.636364 37.756150 -12.559621 10.178298 -29.101361 0.851031 -52.120427 -52.973721 -53.019856 -53.504781 -53.039929 -52.424100 -49.170232 -47.780927 -47.900281 -52.407574 -52.526028 -53.353650 -53.179509 
4939393.939394 37.731746 -11.019177 10.415614 -29.055829 1.340152 -52.167203 -52.804013 -53.229451 -53.288434 -53.203526 -52.250340 -48.978040 -46.918614 -47.648602 -52.272832 -53.171117 -52.125890 -53.023663 
5242424.242424 37.722464 -10.148610 10.638944 -28.508000 1.742824 -51.709607 -52.317204 -53.406140 -52.776059 -52.878262 -52.217282 -47.977170 -47.560643 -48.108609 -53.185735 -52.404774 -52.535435 -52.740086 
5545454.545455 37.720560 -11.241498 10.851598 -28.657361 2.112975 -52.426389 -53.103238 -53.708913 -53.355420 -53.155217 -52.829816 -49.444409 -47.428578 -48.269910 -53.522572 -52.718472 -51.887440 -53.437787 
5848484.848485 37.720687 -13.159444 11.174323 -30.431157 2.422858 -52.220586 -52.373875 -52.935460 -53.016034 -52.895551 -52.426625 -48.760426 -46.973027 -48.066533 -53.019345 -52.916898 -52.636235 -52.979306 
6151515.151515 37.723355 -14.040311 11.502013 -29.867940 2.655090 -52.717465 -53.062680 -51.941335 -53.309026 -52.710988 -52.483327 -48.923505 -47.370366 -48.534924 -52.282742 -53.039296 -52.600636 -52.780896 
6454545.454545 37.729078 -13.974854 11.804916 -28.458936 2.766566 -52.182317 -53.198056 -53.296071 -52.818127 -53.133229 -53.023145 -48.708058 -47.921124 -47.944127 -53.173520 -51.885655 -52.394475 -52.677419 
6757575.757576 37.745599 -13.530606 12.126498 -26.905652 2.754115 -51.281003 -53.202000 -53.128781 -53.014256 -52.632802 -52.829823 -48.838849 -47.679738 -48.800961 -53.205815 -52.553738 -53.342709 -52.855878 
7060606.060606 37.782335 -12.926198 12.429654 -25.938229 2.703262 -51.823506 -53.098538 -53.421651 -52.462987 -53.003072 -52.625432 -48.141278 -48.324704 -47.780789 -52.788388 -52.652890 -52.477864 -52.375417 
7363636.363636 37.847034 -12.051816 12.741328 -24.508130 2.585056 -51.728299 -53.210896 -53.011853 -52.551709 -53.092313 -53.062428 -47.920872 -47.966374 -48.362057 -52.738194 -51.245793 -52.341206 -53.174535 
7666666.666667 37.873344 -11.254849 13.037112 -23.011929 2.419940 -51.750676 -53.359486 -53.254880 -52.169865 -53.152692 -51.900266 -48.776074 -47.682408 -48.223897 -52.093350 -52.780125 -52.028775 -53.612302 
7969696.969697 37.911351 -10.572903 13.341155 -22.243047 2.184280 -50.858868 -53.038411 -53.432713 -52.777966 -52.550824 -52.960110 -48.923756 -47.436841 -47.925191 -52.233304 -52.640691 -52.718221 -53.211285 
8272727.272727 37.984821 -9.884988 13.584445 -21.838078 1.913024 -51.816258 -52.476971 -52.682248 -52.915631 -52.908643 -53.179509 -49.153310 -47.808759 -49.012357 -52.948293 -52.070988 -52.537602 -52.959332 
8575757.575758 38.009096 -9.085728 13.839801 -21.310822 1.559921 -52.337277 -52.312619 -53.549390 -52.986050 -52.266087 -53.314626 -49.354657 -48.640309 -48.137845 -53.601880 -51.255704 -53.303700 -52.021275 
8878787.878788 38.080279 -8.255574 14.069362 -20.872559 1.228034 -51.286969 -53.019727 -52.989346 -53.092816 -51.459073 -53.003064 -49.103482 -47.431104 -48.607648 -52.368665 -52.139622 -52.907986 -51.905118 
9181818.181818 38.140656 -7.593594 14.282907 -20.412926 0.863998 -50.862424 -52.972066 -52.984891 -53.200604 -52.279813 -53.293645 -48.641705 -48.168103 -48.027898 -53.265675 -52.847882 -52.441876 -53.232625 
9484848.484848 38.204211 -6.984486 14.482089 -20.143204 0.501102 -51.292950 -53.166402 -52.510152 -53.006253 -52.809491 -52.710210 -49.615239 -47.549710 -47.664235 -53.214330 -52.262273 -52.915112 -53.275082 
9787878.787879 38.264206 -6.244962 14.667922 -19.942246 0.105163 -51.287099 -53.020108 -53.195767 -53.593114 -52.769574 -53.173161 -49.403470 -48.264188 -48.673741 -53.042226 -51.812184 -53.088620 -53.092435 
10090909.090909 38.352293 -5.580567 14.857822 -19.781575 -0.255582 -51.623692 -52.570264 -52.814442 -52.554753 -53.309018 -53.289960 -49.565015 -48.166577 -48.292920 -52.956815 -52.540143 -52.883710 -52.194791 
10393939.393939 38.470377 -4.963830 14.958366 -19.750188 -0.673512 -51.158971 -52.939893 -52.984891 -52.868848 -52.109372 -53.390248 -48.500615 -48.061330 -47.953542 -51.962437 -51.343159 -52.852711 -52.742505 
10696969.696970 38.523761 -4.263711 15.031324 -19.724503 -1.067685 -51.774571 -52.006406 -53.479482 -53.203275 -52.437177 -53.365208 -49.602780 -47.562939 -47.446500 -52.243466 -51.790715 -52.817998 -53.074391 
11000000.000000 38.611977 -3.411320 15.064758 -19.795560 -1.528069 -50.472836 -53.135136 -52.232526 -52.805417 -53.358868 -53.126881 -48.604726 -48.148770 -48.032613 -52.867070 -52.072896 -52.869481 -52.512296 
11303030.303030 38.705019 -2.549649 15.064504 -19.803059 -1.968503 -51.230664 -52.835660 -53.209744 -53.297963 -52.546384 -53.242421 -49.697987 -47.912488 -48.735890 -52.952481 -53.089009 -52.888287 -52.274480 
11606060.606061 38.773785 -1.876225 15.044288 -19.836484 -2.334698 -51.511449 -52.877736 -53.793195 -52.903294 -52.986554 -53.148473 -50.524319 -47.507886 -48.390034 -53.594762 -51.884778 -53.340039 -52.507611 
11909090.909091 38.880813 -1.219331 15.022935 -19.865849 -2.826234 -51.093388 -53.299107 -53.220433 -52.953122 -53.037144 -52.654286 -50.991315 -46.873486 -48.429562 -52.616406 -51.750409 -53.177594 -52.454732 
12212121.212121 38.938139 -0.605260 14.977435 -19.842721 -3.290944 -50.343053 -52.458020 -52.975613 -53.245724 -52.495648 -52.884480 -50.621434 -48.551595 -48.654286 -52.636876 -52.187161 -51.766682 -52.305371 
12515151.515152 39.001437 -0.010510 14.882610 -19.813348 -3.805238 -49.658833 -53.890935 -53.439816 -53.122433 -53.344479 -53.085179 -50.457852 -47.982892 -48.901135 -53.219174 -52.161984 -53.039182 -52.858182 
12818181.818182 39.030038 0.394328 14.766175 -19.906651 -4.316338 -51.523267 -52.616917 -52.449254 -52.846227 -53.083661 -52.598996 -50.267682 -48.934560 -48.119427 -52.877621 -50.895352 -52.234441 -53.383893 
13121212.121212 39.072621 0.743121 14.618728 -19.951394 -4.878545 -50.262593 -53.145184 -53.007527 -52.876591 -52.577756 -52.479382 -50.345731 -48.453206 -48.986554 -52.501134 -50.886319 -52.881680 -53.007260 
13424242.424242 39.121558 1.157741 14.453490 -19.932965 -5.467439 -50.778912 -53.614217 -53.197682 -53.373090 -52.754323 -52.796277 -51.533688 -48.471265 -48.945988 -52.928334 -51.752339 -52.496800 -52.394864 
13727272.727273 39.133123 1.533473 14.264226 -19.782212 -6.070317 -50.206815 -53.131078 -52.374783 -52.788258 -52.562627 -52.822072 -51.774052 -48.929227 -48.567479 -52.824750 -52.361295 -52.621236 -52.496671 
14030303.030303 39.132105 1.733169 14.026275 -19.667554 -6.716279 -49.674718 -52.576749 -52.501500 -52.628857 -53.492696 -52.727383 -51.025510 -49.523198 -47.634000 -52.939008 -51.899113 -52.737546 -52.764233 
14333333.333333 39.132614 1.950397 13.783622 -19.676968 -7.373315 -50.262723 -52.615010 -52.890195 -53.187383 -52.867581 -53.339917 -50.991071 -48.162633 -47.637036 -53.057729 -52.095631 -52.151326 -52.928853 
14636363.636364 39.121558 2.107379 13.527368 -19.521897 -8.094525 -49.291882 -52.938374 -53.006764 -52.934956 -53.013379 -52.950833 -51.228635 -49.289578 -48.123357 -52.983121 -52.086240 -51.857045 -52.337392 
14939393.939394 39.099946 2.295753 13.255229 -19.370129 -8.857312 -50.633244 -53.171758 -53.013387 -52.148267 -52.035519 -53.269368 -50.403691 -48.053822 -48.593900 -53.319073 -52.049886 -53.017186 -52.510777 
15242424.242424 39.049486 2.479171 12.907586 -19.232724 -9.621869 -49.723668 -52.935208 -52.606877 -53.679295 -52.463239 -53.189542 -51.898244 -48.361172 -48.024724 -52.906720 -51.257367 -52.197446 -52.867444 
15545454.545455 39.002583 2.532684 12.575957 -19.233617 -10.453038 -49.902379 -52.853711 -53.156743 -52.446721 -53.060788 -52.609280 -51.445981 -48.446088 -49.211789 -51.630925 -52.132375 -51.744954 -52.578397 
15848484.848485 38.947036 2.604495 12.191201 -19.196999 -11.307339 -49.697484 -52.745297 -52.513585 -52.951077 -52.533665 -53.133359 -51.649228 -48.594548 -47.960919 -52.339566 -52.500363 -51.859845 -52.347821 
16151515.151515 38.878905 2.679752 11.801101 -19.244290 -12.142949 -50.160016 -52.658475 -53.310170 -53.015401 -53.041837 -53.392789 -51.554036 -48.324689 -49.013882 -52.359402 -51.859097 -52.157544 -52.314656 
16454545.454545 38.772516 2.693736 11.409097 -19.467233 -13.048222 -50.410687 -51.995114 -52.490826 -52.989728 -52.752675 -52.659619 -51.560002 -48.813046 -48.878133 -52.478741 -50.945683 -52.192502 -51.808759 
16757575.757576 38.706546 2.672511 11.043658 -19.651170 -13.989590 -49.736623 -53.018582 -52.411763 -53.715260 -53.117856 -53.670399 -51.119702 -48.619717 -48.466931 -52.083051 -52.497556 -51.559621 -52.235593 
17060606.060606 38.620491 2.651786 10.640598 -19.750691 -14.996812 -48.729665 -52.683141 -52.411374 -53.024930 -52.724957 -51.756009 -51.264981 -48.429692 -47.757787 -52.800587 -51.557843 -51.803929 -52.210812 
17363636.363636 38.530500 2.618610 10.246680 -19.849198 -16.041776 -49.877446 -53.041333 -52.027509 -53.129422 -52.873814 -52.660268 -50.450856 -48.396001 -47.867230 -52.235318 -51.257359 -51.050175 -51.653821 
17666666.666667 38.484866 2.591407 9.811206 -19.824666 -17.093854 -48.429555 -52.978543 -51.317868 -53.793950 -52.453580 -52.887662 -50.821118 -47.847401 -47.144879 -52.990109 -52.058789 -51.385228 -52.224782 
17969696.969697 38.409746 2.525821 9.415521 -19.812337 -18.128651 -49.580037 -53.364568 -52.742123 -51.878537 -53.161588 -52.402104 -51.056912 -48.121701 -48.634717 -52.710973 -52.012509 -52.341214 -51.745457 
18272727.272727 38.333100 2.472308 8.983350 -19.901948 -19.250005 -49.176587 -52.670445 -50.723378 -52.761960 -53.306859 -52.577000 -51.094403 -47.252530 -48.555394 -52.271428 -50.651440 -52.640309 -51.534329 
18575757.575758 38.249334 2.415488 8.600238 -19.895211 -20.517285 -49.068913 -53.619672 -51.695126 -52.465276 -53.389355 -53.372708 -51.433530 -47.612752 -47.839536 -52.383931 -51.115765 -51.894818 -51.686108 
18878787.878788 38.204338 2.343425 8.216113 -19.898640 -21.871510 -49.018330 -52.798947 -50.430257 -51.166982 -53.143903 -53.389867 -50.655110 -47.649487 -47.287984 -51.950101 -52.117894 -51.498486 -52.395627 
19181818.181818 38.162899 2.267280 7.847751 -19.816151 -23.276192 -49.372075 -52.912061 -50.293111 -52.393338 -53.302663 -51.849438 -51.210324 -48.032475 -48.115979 -52.151570 -52.004117 -52.067815 -51.437604 
19484848.484848 38.109388 2.215175 7.487907 -19.635648 -24.823750 -49.334569 -53.087987 -50.170193 -52.644498 -53.422536 -52.010983 -50.945432 -47.621663 -47.860379 -52.416852 -51.530392 -51.955052 -51.148557 
19787878.787879 38.079007 2.193553 7.164161 -19.405721 -26.341809 -48.415456 -53.777936 -51.806592 -50.950520 -53.380200 -53.299619 -51.022855 -47.927090 -48.123608 -51.666280 -52.510014 -51.127698 -51.640210 
20090909.090909 38.060578 2.177409 6.859737 -19.084763 -27.793645 -49.771207 -53.078961 -49.892842 -51.566113 -52.085095 -52.848134 -50.725797 -47.011647 -47.704663 -52.525388 -52.776067 -51.587720 -49.930470 
20393939.393939 38.037189 2.158351 6.525817 -18.689332 -29.281720 -49.592480 -53.231236 -49.248914 -51.827443 -52.387746 -52.547772 -50.436360 -46.938580 -47.918965 -52.816487 -50.342549 -51.315442 -51.551236 
20696969.696970 38.029562 2.149829 6.224826 -18.257924 -30.204655 -49.388600 -53.148480 -46.871579 -50.625737 -52.876859 -53.928296 -50.236043 -45.788228 -48.771748 -51.956197 -50.444608 -50.795049 -52.356091 
21000000.000000 38.054601 2.134448 5.948112 -17.811894 -30.416936 -48.353551 -53.655659 -47.251248 -51.249104 -52.639928 -53.201489 -49.777051 -47.127965 -47.269818 -52.879262 -51.397954 -51.473187 -52.422559 
21303030.303030 38.078246 2.115638 5.703807 -17.290997 -30.347134 -49.400052 -52.790791 -47.533192 -50.746121 -51.151723 -53.223363 -49.963254 -48.179669 -48.772115 -51.838506 -51.978703 -51.199147 -51.711140 
21606060.606061 38.101123 2.088439 5.461028 -16.619099 -29.949300 -49.372327 -53.122304 -47.990018 -50.032544 -51.829099 -52.918286 -50.975560 -47.948567 -49.812886 -51.781682 -51.202451 -51.467976 -52.300916 
21909090.909091 38.156671 2.052589 5.224601 -15.848191 -29.337407 -49.300771 -53.080861 -45.496388 -50.283582 -52.822957 -53.309659 -51.181744 -47.735036 -49.746915 -51.704785 -52.166951 -50.454152 -51.322308 
22212121.212121 38.201667 2.022849 4.976737 -14.948003 -29.059277 -48.945866 -52.896176 -44.512051 -48.729924 -51.495564 -52.494000 -50.413106 -47.779156 -49.898564 -51.071271 -51.813077 -50.837514 -51.685338 
22515151.515152 38.239801 1.987003 4.755698 -14.043992 -28.832394 -49.126492 -52.719243 -44.883611 -49.299252 -52.564679 -52.799695 -51.115628 -48.503781 -50.838780 -51.864049 -50.920255 -51.137624 -52.458035 
22818181.818182 38.339454 1.953578 4.573802 -13.102753 -29.147626 -48.620099 -53.011967 -42.999089 -48.102124 -52.290875 -52.726483 -52.180302 -48.400838 -50.303403 -51.568394 -50.282300 -51.005299 -51.208043 
23121212.121212 38.415337 1.923202 4.352504 -12.172063 -29.780614 -48.702847 -52.319226 -37.677655 -48.653531 -48.985394 -51.791600 -51.395528 -48.764867 -51.810666 -51.382291 -50.891408 -50.087445 -51.854779 
23424242.424242 38.482829 1.852782 4.169852 -11.350934 -30.952191 -49.306233 -52.746831 -38.810208 -49.134892 -51.200154 -53.070699 -52.118787 -50.409291 -51.503316 -51.443959 -50.788068 -51.534459 -52.638905 
23727272.727273 38.521475 1.755283 3.936099 -10.505154 -32.063367 -48.706395 -52.214742 -45.571637 -47.517789 -52.193127 -53.155484 -51.025639 -50.302502 -51.098218 -51.544362 -50.476399 -50.952420 -52.018353 
24030303.030303 38.610959 1.659446 3.672336 -9.734235 -32.246274 -47.659520 -52.956174 -47.934087 -48.685048 -51.577557 -52.354062 -50.757428 -49.565030 -51.857831 -50.446400 -50.922421 -51.821095 -52.220723 
24333333.333333 38.699554 1.553817 3.415076 -9.008443 -30.759618 -49.660870 -52.854611 -36.638402 -47.498875 -51.928616 -52.628735 -51.121350 -50.569447 -51.814359 -50.043080 -49.712727 -51.750920 -52.227711 
24636363.636364 38.717603 1.473483 3.132003 -8.388146 -28.298642 -50.385258 -53.534772 -46.357434 -48.001698 -52.189458 -52.186398 -51.553014 -51.796811 -51.745206 -48.743398 -49.090909 -52.490315 -52.963292 
24939393.939394 38.770354 1.397598 2.839908 -7.853654 -25.771848 -51.355634 -52.163266 -40.991139 -48.337407 -49.755818 -52.017346 -50.318784 -51.078397 -51.468861 -49.443768 -50.365430 -51.985822 -52.257199 
25242424.242424 38.864415 1.347648 2.534213 -7.380688 -23.699845 -50.772946 -52.300160 -40.234845 -47.676045 -51.546788 -51.662068 -50.945935 -52.446721 -51.337949 -50.051091 -51.210202 -50.961705 -52.920071 
25545454.545455 38.877001 1.245063 2.211856 -7.037869 -22.044633 -50.452382 -52.618192 -40.977414 -47.435567 -51.195584 -52.330922 -51.135716 -52.949048 -51.562169 -49.210896 -51.880322 -52.368672 -52.890973 
25848484.848485 38.878905 1.152148 1.858627 -6.777165 -20.619481 -48.872029 -53.306226 -41.511006 -48.119290 -51.746350 -50.954572 -51.610081 -52.334721 -50.946317 -48.962148 -49.982449 -52.343365 -52.396382 
26151515.151515 38.877764 1.098766 1.475898 -6.554349 -19.490746 -50.828999 -53.094968 -41.663678 -46.855702 -50.480214 -51.163556 -52.520940 -52.204198 -50.737607 -48.083951 -49.072598 -52.473912 -53.480367 
26454545.454545 38.870390 1.048557 1.085925 -6.439061 -18.532853 -50.465459 -52.269902 -38.502850 -48.465146 -50.395940 -50.581021 -50.375607 -51.641095 -50.320569 -48.836179 -50.495084 -51.882230 -52.806569 
26757575.757576 38.847508 1.019576 0.643207 -6.421899 -17.816979 -51.725751 -53.012608 -39.284962 -47.799222 -50.113507 -50.162816 -51.040379 -51.477132 -49.268987 -48.117390 -50.789349 -52.955914 -52.604718 
27060606.060606 38.752811 1.010932 0.225784 -6.456349 -17.239392 -49.939740 -53.598584 -41.060910 -47.781682 -51.223027 -50.165616 -51.212994 -52.175076 -48.420529 -48.299786 -50.032414 -52.362820 -51.733762 
27363636.363636 38.707941 0.995174 -0.251393 -6.629468 -16.754216 -50.112492 -52.908887 -42.731267 -49.214833 -50.617116 -48.287328 -50.026692 -51.915143 -47.478528 -48.006543 -50.583684 -52.794614 -52.773770 
27666666.666667 38.630406 0.990085 -0.772916 -6.848859 -16.391064 -49.376263 -53.660229 -42.392636 -47.809895 -51.224431 -48.767285 -49.751752 -51.149190 -47.551366 -47.437482 -50.993733 -51.848668 -52.663182 
27969696.969697 38.529992 0.998859 -1.319230 -7.122277 -16.109650 -49.307126 -52.996457 -38.342435 -53.035489 -51.136601 -47.618985 -49.921315 -50.491650 -45.994916 -47.563176 -42.972646 -52.710477 -52.842282 
28272727.272727 38.469615 1.024287 -1.915631 -7.456822 -15.877545 -50.759976 -52.221867 -35.630559 -49.052396 -51.450055 -48.139371 -50.318654 -49.795338 -46.092015 -47.927602 -50.199551 -52.348210 -52.614758 
28575757.575758 38.341233 1.021739 -2.451009 -7.862553 -15.732766 -50.485684 -52.899228 -35.351682 -45.727979 -52.405667 -47.440396 -49.811871 -50.468381 -46.471562 -48.627591 -51.325230 -52.949689 -52.230504 
28878787.878788 38.208023 1.004451 -3.068505 -8.278333 -15.537778 -49.388226 -53.105008 -39.518445 -47.055646 -51.952008 -47.118298 -50.233228 -49.872632 -46.069783 -47.841298 -51.795415 -53.041074 -52.984769 
29181818.181818 38.101758 0.937850 -3.733159 -8.691434 -15.411698 -48.676541 -53.493329 -42.004575 -47.298032 -52.104291 -46.651685 -49.635060 -48.607129 -44.744534 -48.817876 -51.781689 -52.927831 -52.698270 
29484848.484848 37.988126 0.868835 -4.384335 -9.151055 -15.223958 -49.149251 -53.121663 -40.700436 -36.954030 -50.709775 -45.875813 -49.567189 -49.178357 -45.905927 -48.502385 -51.718510 -52.223759 -53.074765 
29787878.787879 37.843092 0.769805 -5.086743 -9.617043 -15.050957 -49.233655 -53.051495 -44.609303 -41.553723 -50.401013 -47.007596 -49.954739 -48.891995 -45.602780 -49.016682 -52.830724 -52.964810 -53.136411 
30090909.090909 37.675309 0.640285 -5.803262 -10.108956 -14.859277 -47.027669 -53.596158 -43.087796 -41.309537 -50.719556 -46.858487 -49.685017 -48.545094 -45.015027 -49.097516 -52.110379 -51.875493 -52.580060 
30393939.393939 37.481720 0.475433 -6.682980 -10.702050 -14.779446 -47.618481 -53.144810 -41.957784 -38.562215 -51.236638 -46.457600 -49.474278 -50.032925 -44.699551 -48.544087 -52.114079 -52.768948 -52.798428 
30696969.696970 37.173482 0.207729 -7.591431 -11.344712 -14.828515 -47.289899 -53.207722 -42.281796 -34.652081 -50.502072 -46.307225 -49.985638 -49.331914 -45.614972 -49.063840 -53.093579 -53.438290 -53.247121 
31000000.000000 36.822533 -0.158215 -8.676682 -12.091225 -15.071423 -45.371434 -53.065099 -42.098767 -36.850545 -48.280080 -45.657819 -51.235371 -49.224751 -44.953381 -49.061429 -53.385030 -52.941434 -52.570157 
